#     r         beta        Ep   
   0.10000     0.10000   110.70752
   0.20000     0.10000   110.61786
   0.30000     0.10000   110.60986
   0.40000     0.10000   110.46832
   0.50000     0.10000   110.77344
   0.60000     0.10000   110.41768
   0.70000     0.10000   110.43627
   0.80000     0.10000   110.45865
   0.90000     0.10000   110.62715
   1.00000     0.10000   110.57798
   1.10000     0.10000   110.68030
   1.20000     0.10000   110.54782
   1.30000     0.10000   110.58709
   1.40000     0.10000   110.57371
   1.50000     0.10000   110.62764
   1.60000     0.10000   110.56216
   1.70000     0.10000   110.50089
   1.80000     0.10000   110.56643
   1.90000     0.10000   110.56011
   2.00000     0.10000   110.58546
   2.10000     0.10000   110.61776
   2.20000     0.10000   110.59324
   2.30000     0.10000   110.59164
   2.40000     0.10000   110.50763
   2.50000     0.10000   110.55353
   2.60000     0.10000   110.56570
   2.70000     0.10000   110.65854
   2.80000     0.10000   110.50126
   2.90000     0.10000   110.69117
   3.00000     0.10000   110.65712
   3.10000     0.10000   110.65425
   3.20000     0.10000   110.46233
   3.30000     0.10000   110.60688
   3.40000     0.10000   110.73497
   3.50000     0.10000   110.61784
   3.60000     0.10000   110.45064
   3.70000     0.10000   110.67141
   3.80000     0.10000   110.49332
   3.90000     0.10000   110.42701
   4.00000     0.10000   110.49585
   4.10000     0.10000   110.53969
   4.20000     0.10000   110.49829
   4.30000     0.10000   110.51776
   4.40000     0.10000   110.49819
   4.50000     0.10000   110.47179
   4.60000     0.10000   110.58633
   4.70000     0.10000   110.67564
   4.80000     0.10000   110.64136
   4.90000     0.10000   110.68962
   5.00000     0.10000   110.74750
   0.10000     0.20000   110.62451
   0.20000     0.20000   110.39676
   0.30000     0.20000   110.35492
   0.40000     0.20000   110.52535
   0.50000     0.20000   110.67176
   0.60000     0.20000   110.40749
   0.70000     0.20000   110.83246
   0.80000     0.20000   110.71554
   0.90000     0.20000   110.43288
   1.00000     0.20000   110.68107
   1.10000     0.20000   110.56816
   1.20000     0.20000   110.67722
   1.30000     0.20000   110.71162
   1.40000     0.20000   110.46080
   1.50000     0.20000   110.60265
   1.60000     0.20000   110.53312
   1.70000     0.20000   110.49744
   1.80000     0.20000   110.52759
   1.90000     0.20000   110.43167
   2.00000     0.20000   110.55365
   2.10000     0.20000   110.58620
   2.20000     0.20000   110.51720
   2.30000     0.20000   110.45353
   2.40000     0.20000   110.48579
   2.50000     0.20000   110.66329
   2.60000     0.20000   110.61419
   2.70000     0.20000   110.45031
   2.80000     0.20000   110.67758
   2.90000     0.20000   110.46326
   3.00000     0.20000   110.52748
   3.10000     0.20000   110.78164
   3.20000     0.20000   110.68918
   3.30000     0.20000   110.55807
   3.40000     0.20000   110.36928
   3.50000     0.20000   110.70899
   3.60000     0.20000   110.43582
   3.70000     0.20000   110.27724
   3.80000     0.20000   110.53513
   3.90000     0.20000   110.52979
   4.00000     0.20000   110.52010
   4.10000     0.20000   110.66597
   4.20000     0.20000   110.52342
   4.30000     0.20000   110.59186
   4.40000     0.20000   110.56018
   4.50000     0.20000   110.49438
   4.60000     0.20000   110.70382
   4.70000     0.20000   110.64391
   4.80000     0.20000   110.52750
   4.90000     0.20000   110.69591
   5.00000     0.20000   110.60386
   0.10000     0.30000   110.62871
   0.20000     0.30000   110.46887
   0.30000     0.30000   110.42574
   0.40000     0.30000   110.48931
   0.50000     0.30000   110.39044
   0.60000     0.30000   110.55778
   0.70000     0.30000   110.34290
   0.80000     0.30000   110.42066
   0.90000     0.30000   110.33860
   1.00000     0.30000   110.28664
   1.10000     0.30000   110.47094
   1.20000     0.30000   110.48499
   1.30000     0.30000   110.49357
   1.40000     0.30000   110.33894
   1.50000     0.30000   110.55345
   1.60000     0.30000   110.49467
   1.70000     0.30000   110.37510
   1.80000     0.30000   110.48883
   1.90000     0.30000   110.63145
   2.00000     0.30000   110.52075
   2.10000     0.30000   110.79798
   2.20000     0.30000   110.54552
   2.30000     0.30000   110.65935
   2.40000     0.30000   110.45722
   2.50000     0.30000   110.79056
   2.60000     0.30000   110.59617
   2.70000     0.30000   110.54413
   2.80000     0.30000   110.59030
   2.90000     0.30000   110.60526
   3.00000     0.30000   110.55531
   3.10000     0.30000   110.43825
   3.20000     0.30000   110.55435
   3.30000     0.30000   110.68102
   3.40000     0.30000   110.47934
   3.50000     0.30000   110.47878
   3.60000     0.30000   110.67865
   3.70000     0.30000   110.71516
   3.80000     0.30000   110.64315
   3.90000     0.30000   110.55574
   4.00000     0.30000   110.44708
   4.10000     0.30000   110.63931
   4.20000     0.30000   110.69103
   4.30000     0.30000   110.67251
   4.40000     0.30000   110.65090
   4.50000     0.30000   110.50049
   4.60000     0.30000   110.61082
   4.70000     0.30000   110.55632
   4.80000     0.30000   110.61581
   4.90000     0.30000   110.44099
   5.00000     0.30000   110.58223
   0.10000     0.40000   110.45718
   0.20000     0.40000   110.12595
   0.30000     0.40000   110.13998
   0.40000     0.40000   109.45738
   0.50000     0.40000   109.66206
   0.60000     0.40000   110.01439
   0.70000     0.40000   110.39572
   0.80000     0.40000   110.16215
   0.90000     0.40000   110.44949
   1.00000     0.40000   110.46921
   1.10000     0.40000   110.53498
   1.20000     0.40000   110.64862
   1.30000     0.40000   110.54416
   1.40000     0.40000   110.45474
   1.50000     0.40000   110.55186
   1.60000     0.40000   110.62857
   1.70000     0.40000   110.61365
   1.80000     0.40000   110.51719
   1.90000     0.40000   110.50003
   2.00000     0.40000   110.63409
   2.10000     0.40000   110.65272
   2.20000     0.40000   110.57127
   2.30000     0.40000   110.64653
   2.40000     0.40000   110.70492
   2.50000     0.40000   110.43057
   2.60000     0.40000   110.66876
   2.70000     0.40000   110.59067
   2.80000     0.40000   110.50251
   2.90000     0.40000   110.58624
   3.00000     0.40000   110.60272
   3.10000     0.40000   110.70950
   3.20000     0.40000   110.57770
   3.30000     0.40000   110.75537
   3.40000     0.40000   110.34173
   3.50000     0.40000   110.58086
   3.60000     0.40000   110.73309
   3.70000     0.40000   110.55866
   3.80000     0.40000   110.68696
   3.90000     0.40000   110.57899
   4.00000     0.40000   110.64143
   4.10000     0.40000   110.49516
   4.20000     0.40000   110.62518
   4.30000     0.40000   110.72151
   4.40000     0.40000   110.52825
   4.50000     0.40000   110.55618
   4.60000     0.40000   110.55379
   4.70000     0.40000   110.66495
   4.80000     0.40000   110.60952
   4.90000     0.40000   110.69865
   5.00000     0.40000   110.54229
   0.10000     0.50000   110.59434
   0.20000     0.50000   110.33144
   0.30000     0.50000   110.19014
   0.40000     0.50000   109.64581
   0.50000     0.50000   109.44900
   0.60000     0.50000   107.11043
   0.70000     0.50000   109.14128
   0.80000     0.50000   109.98823
   0.90000     0.50000   110.36348
   1.00000     0.50000   110.45721
   1.10000     0.50000   110.46177
   1.20000     0.50000   110.44572
   1.30000     0.50000   110.56127
   1.40000     0.50000   110.56639
   1.50000     0.50000   110.44655
   1.60000     0.50000   110.53995
   1.70000     0.50000   110.42230
   1.80000     0.50000   110.56139
   1.90000     0.50000   110.71258
   2.00000     0.50000   110.56849
   2.10000     0.50000   110.82786
   2.20000     0.50000   110.42054
   2.30000     0.50000   110.55703
   2.40000     0.50000   110.48416
   2.50000     0.50000   110.60122
   2.60000     0.50000   110.56805
   2.70000     0.50000   110.62336
   2.80000     0.50000   110.46306
   2.90000     0.50000   110.52190
   3.00000     0.50000   110.67274
   3.10000     0.50000   110.54921
   3.20000     0.50000   110.53297
   3.30000     0.50000   110.68687
   3.40000     0.50000   110.68205
   3.50000     0.50000   110.38207
   3.60000     0.50000   110.57222
   3.70000     0.50000   110.62641
   3.80000     0.50000   110.50395
   3.90000     0.50000   110.57460
   4.00000     0.50000   110.50584
   4.10000     0.50000   110.69867
   4.20000     0.50000   110.55593
   4.30000     0.50000   110.46667
   4.40000     0.50000   110.57594
   4.50000     0.50000   110.66881
   4.60000     0.50000   110.53278
   4.70000     0.50000   110.42153
   4.80000     0.50000   110.64072
   4.90000     0.50000   110.74412
   5.00000     0.50000   110.71958
   0.10000     0.60000   110.48038
   0.20000     0.60000   110.31568
   0.30000     0.60000   110.39351
   0.40000     0.60000   110.25673
   0.50000     0.60000   109.83603
   0.60000     0.60000   109.96704
   0.70000     0.60000   109.55550
   0.80000     0.60000   108.98681
   0.90000     0.60000   110.22383
   1.00000     0.60000   110.37103
   1.10000     0.60000   110.40660
   1.20000     0.60000   110.52334
   1.30000     0.60000   110.52938
   1.40000     0.60000   110.58621
   1.50000     0.60000   110.69785
   1.60000     0.60000   110.57549
   1.70000     0.60000   110.58691
   1.80000     0.60000   110.55362
   1.90000     0.60000   110.61267
   2.00000     0.60000   110.69239
   2.10000     0.60000   110.57353
   2.20000     0.60000   110.51071
   2.30000     0.60000   110.50858
   2.40000     0.60000   110.58365
   2.50000     0.60000   110.60993
   2.60000     0.60000   110.47645
   2.70000     0.60000   110.64330
   2.80000     0.60000   110.47163
   2.90000     0.60000   110.55081
   3.00000     0.60000   110.60203
   3.10000     0.60000   110.78305
   3.20000     0.60000   110.50806
   3.30000     0.60000   110.55011
   3.40000     0.60000   110.54246
   3.50000     0.60000   110.69456
   3.60000     0.60000   110.52072
   3.70000     0.60000   110.49097
   3.80000     0.60000   110.60744
   3.90000     0.60000   110.42384
   4.00000     0.60000   110.51599
   4.10000     0.60000   110.58067
   4.20000     0.60000   110.67331
   4.30000     0.60000   110.62681
   4.40000     0.60000   110.79144
   4.50000     0.60000   110.49797
   4.60000     0.60000   110.69803
   4.70000     0.60000   110.67590
   4.80000     0.60000   110.61203
   4.90000     0.60000   110.55955
   5.00000     0.60000   110.64060
   0.10000     0.70000   110.41612
   0.20000     0.70000   110.33693
   0.30000     0.70000   110.24777
   0.40000     0.70000   110.43929
   0.50000     0.70000   109.96778
   0.60000     0.70000   109.91566
   0.70000     0.70000   109.53330
   0.80000     0.70000   109.33013
   0.90000     0.70000   108.86064
   1.00000     0.70000   108.70939
   1.10000     0.70000   110.28084
   1.20000     0.70000   110.48556
   1.30000     0.70000   110.61465
   1.40000     0.70000   110.47328
   1.50000     0.70000   110.47225
   1.60000     0.70000   110.49413
   1.70000     0.70000   110.61080
   1.80000     0.70000   110.42479
   1.90000     0.70000   110.61416
   2.00000     0.70000   110.55479
   2.10000     0.70000   110.67871
   2.20000     0.70000   110.59979
   2.30000     0.70000   110.48277
   2.40000     0.70000   110.63525
   2.50000     0.70000   110.57855
   2.60000     0.70000   110.52444
   2.70000     0.70000   110.65807
   2.80000     0.70000   110.44814
   2.90000     0.70000   110.72511
   3.00000     0.70000   110.56261
   3.10000     0.70000   110.57366
   3.20000     0.70000   110.70210
   3.30000     0.70000   110.56957
   3.40000     0.70000   110.58199
   3.50000     0.70000   110.55546
   3.60000     0.70000   110.58012
   3.70000     0.70000   110.56217
   3.80000     0.70000   110.56562
   3.90000     0.70000   110.47227
   4.00000     0.70000   110.62739
   4.10000     0.70000   110.46837
   4.20000     0.70000   110.64246
   4.30000     0.70000   110.52942
   4.40000     0.70000   110.55573
   4.50000     0.70000   110.64927
   4.60000     0.70000   110.45864
   4.70000     0.70000   110.62708
   4.80000     0.70000   110.66024
   4.90000     0.70000   110.54001
   5.00000     0.70000   110.78887
   0.10000     0.80000   110.44098
   0.20000     0.80000   110.27267
   0.30000     0.80000   110.33020
   0.40000     0.80000   109.92729
   0.50000     0.80000   109.98827
   0.60000     0.80000   109.58901
   0.70000     0.80000   109.46873
   0.80000     0.80000   109.04061
   0.90000     0.80000   108.82564
   1.00000     0.80000   108.03628
   1.10000     0.80000   107.62862
   1.20000     0.80000   110.48403
   1.30000     0.80000   110.78031
   1.40000     0.80000   110.60488
   1.50000     0.80000   110.56911
   1.60000     0.80000   110.45485
   1.70000     0.80000   110.53449
   1.80000     0.80000   110.46668
   1.90000     0.80000   110.65295
   2.00000     0.80000   110.65784
   2.10000     0.80000   110.46515
   2.20000     0.80000   110.68766
   2.30000     0.80000   110.54871
   2.40000     0.80000   110.57255
   2.50000     0.80000   110.50890
   2.60000     0.80000   110.67239
   2.70000     0.80000   110.52751
   2.80000     0.80000   110.48829
   2.90000     0.80000   110.41333
   3.00000     0.80000   110.58305
   3.10000     0.80000   110.60938
   3.20000     0.80000   110.55658
   3.30000     0.80000   110.73037
   3.40000     0.80000   110.48872
   3.50000     0.80000   110.67135
   3.60000     0.80000   110.64775
   3.70000     0.80000   110.57836
   3.80000     0.80000   110.39094
   3.90000     0.80000   110.41875
   4.00000     0.80000   110.68653
   4.10000     0.80000   110.62281
   4.20000     0.80000   110.62257
   4.30000     0.80000   110.60234
   4.40000     0.80000   110.43667
   4.50000     0.80000   110.38428
   4.60000     0.80000   110.52915
   4.70000     0.80000   110.77819
   4.80000     0.80000   110.59038
   4.90000     0.80000   110.40105
   5.00000     0.80000   110.60358
   0.10000     0.90000   110.61542
   0.20000     0.90000   110.28611
   0.30000     0.90000   110.47883
   0.40000     0.90000   110.20182
   0.50000     0.90000   109.85699
   0.60000     0.90000   109.74973
   0.70000     0.90000   109.45144
   0.80000     0.90000   108.82207
   0.90000     0.90000   108.47225
   1.00000     0.90000   108.09824
   1.10000     0.90000   107.32425
   1.20000     0.90000   106.26590
   1.30000     0.90000   110.37956
   1.40000     0.90000   110.58555
   1.50000     0.90000   110.49963
   1.60000     0.90000   110.54897
   1.70000     0.90000   110.58458
   1.80000     0.90000   110.58068
   1.90000     0.90000   110.74235
   2.00000     0.90000   110.42295
   2.10000     0.90000   110.63786
   2.20000     0.90000   110.68079
   2.30000     0.90000   110.57694
   2.40000     0.90000   110.61357
   2.50000     0.90000   110.59742
   2.60000     0.90000   110.66422
   2.70000     0.90000   110.47673
   2.80000     0.90000   110.43515
   2.90000     0.90000   110.75345
   3.00000     0.90000   110.59741
   3.10000     0.90000   110.53506
   3.20000     0.90000   110.60202
   3.30000     0.90000   110.55014
   3.40000     0.90000   110.60362
   3.50000     0.90000   110.61292
   3.60000     0.90000   110.57148
   3.70000     0.90000   110.37020
   3.80000     0.90000   110.71824
   3.90000     0.90000   110.35401
   4.00000     0.90000   110.68344
   4.10000     0.90000   110.60043
   4.20000     0.90000   110.67037
   4.30000     0.90000   110.54110
   4.40000     0.90000   110.62672
   4.50000     0.90000   110.63409
   4.60000     0.90000   110.56450
   4.70000     0.90000   110.49497
   4.80000     0.90000   110.71410
   4.90000     0.90000   110.69946
   5.00000     0.90000   110.52710
   0.10000     1.00000   110.43704
   0.20000     1.00000   110.23376
   0.30000     1.00000   110.29712
   0.40000     1.00000   110.17794
   0.50000     1.00000   109.65532
   0.60000     1.00000   109.48175
   0.70000     1.00000   109.35871
   0.80000     1.00000   108.77864
   0.90000     1.00000   108.01822
   1.00000     1.00000   107.43789
   1.10000     1.00000   107.01435
   1.20000     1.00000   105.76493
   1.30000     1.00000   110.69822
   1.40000     1.00000   110.69601
   1.50000     1.00000   110.58460
   1.60000     1.00000   110.53140
   1.70000     1.00000   110.48450
   1.80000     1.00000   110.60851
   1.90000     1.00000   110.71439
   2.00000     1.00000   110.58686
   2.10000     1.00000   110.46121
   2.20000     1.00000   110.61603
   2.30000     1.00000   110.45224
   2.40000     1.00000   110.72937
   2.50000     1.00000   110.77238
   2.60000     1.00000   110.55224
   2.70000     1.00000   110.49900
   2.80000     1.00000   110.56608
   2.90000     1.00000   110.51297
   3.00000     1.00000   110.65990
   3.10000     1.00000   110.66061
   3.20000     1.00000   110.37726
   3.30000     1.00000   110.53957
   3.40000     1.00000   110.57852
   3.50000     1.00000   110.66358
   3.60000     1.00000   110.58250
   3.70000     1.00000   110.69728
   3.80000     1.00000   110.59368
   3.90000     1.00000   110.57018
   4.00000     1.00000   110.54651
   4.10000     1.00000   110.55693
   4.20000     1.00000   110.60163
   4.30000     1.00000   110.51642
   4.40000     1.00000   110.51160
   4.50000     1.00000   110.81253
   4.60000     1.00000   110.56834
   4.70000     1.00000   110.65722
   4.80000     1.00000   110.69339
   4.90000     1.00000   110.49287
   5.00000     1.00000   110.55644
   0.10000     1.10000   110.41271
   0.20000     1.10000   110.37478
   0.30000     1.10000   110.18272
   0.40000     1.10000   110.08161
   0.50000     1.10000   109.83552
   0.60000     1.10000   109.52429
   0.70000     1.10000   109.02933
   0.80000     1.10000   108.69754
   0.90000     1.10000   107.98976
   1.00000     1.10000   106.73091
   1.10000     1.10000   106.20106
   1.20000     1.10000   104.70857
   1.30000     1.10000   110.50435
   1.40000     1.10000   110.57715
   1.50000     1.10000   110.48304
   1.60000     1.10000   110.48992
   1.70000     1.10000   110.63515
   1.80000     1.10000   110.61241
   1.90000     1.10000   110.59629
   2.00000     1.10000   110.57661
   2.10000     1.10000   110.47495
   2.20000     1.10000   110.62878
   2.30000     1.10000   110.60565
   2.40000     1.10000   110.48735
   2.50000     1.10000   110.56486
   2.60000     1.10000   110.41800
   2.70000     1.10000   110.61102
   2.80000     1.10000   110.57309
   2.90000     1.10000   110.54431
   3.00000     1.10000   110.45308
   3.10000     1.10000   110.70642
   3.20000     1.10000   110.51047
   3.30000     1.10000   110.51533
   3.40000     1.10000   110.54545
   3.50000     1.10000   110.67276
   3.60000     1.10000   110.53260
   3.70000     1.10000   110.53503
   3.80000     1.10000   110.61333
   3.90000     1.10000   110.55420
   4.00000     1.10000   110.54283
   4.10000     1.10000   110.74087
   4.20000     1.10000   110.58938
   4.30000     1.10000   110.55426
   4.40000     1.10000   110.45547
   4.50000     1.10000   110.61415
   4.60000     1.10000   110.65464
   4.70000     1.10000   110.48044
   4.80000     1.10000   110.57688
   4.90000     1.10000   110.47391
   5.00000     1.10000   110.43381
   0.10000     1.20000   110.45544
   0.20000     1.20000   110.42374
   0.30000     1.20000   110.30373
   0.40000     1.20000   109.83626
   0.50000     1.20000   109.47182
   0.60000     1.20000   109.22998
   0.70000     1.20000   108.65772
   0.80000     1.20000   108.07635
   0.90000     1.20000   107.53388
   1.00000     1.20000   106.60147
   1.10000     1.20000   105.01635
   1.20000     1.20000   104.58134
   1.30000     1.20000   110.36377
   1.40000     1.20000   110.54951
   1.50000     1.20000   110.62100
   1.60000     1.20000   110.59395
   1.70000     1.20000   110.57862
   1.80000     1.20000   110.52634
   1.90000     1.20000   110.54570
   2.00000     1.20000   110.57050
   2.10000     1.20000   110.74220
   2.20000     1.20000   110.46458
   2.30000     1.20000   110.70126
   2.40000     1.20000   110.69271
   2.50000     1.20000   110.65005
   2.60000     1.20000   110.63530
   2.70000     1.20000   110.60428
   2.80000     1.20000   110.42262
   2.90000     1.20000   110.48887
   3.00000     1.20000   110.48542
   3.10000     1.20000   110.59694
   3.20000     1.20000   110.51514
   3.30000     1.20000   110.61399
   3.40000     1.20000   110.44518
   3.50000     1.20000   110.51655
   3.60000     1.20000   110.48351
   3.70000     1.20000   110.59474
   3.80000     1.20000   110.65558
   3.90000     1.20000   110.62386
   4.00000     1.20000   110.70606
   4.10000     1.20000   110.58985
   4.20000     1.20000   110.52822
   4.30000     1.20000   110.77581
   4.40000     1.20000   110.53071
   4.50000     1.20000   110.68379
   4.60000     1.20000   110.65227
   4.70000     1.20000   110.58953
   4.80000     1.20000   110.51552
   4.90000     1.20000   110.52187
   5.00000     1.20000   110.61481
   0.10000     1.30000   110.48086
   0.20000     1.30000   110.09641
   0.30000     1.30000   110.32180
   0.40000     1.30000   109.91887
   0.50000     1.30000   109.49487
   0.60000     1.30000   109.19640
   0.70000     1.30000   108.35682
   0.80000     1.30000   107.74757
   0.90000     1.30000   107.41722
   1.00000     1.30000   106.36406
   1.10000     1.30000   104.81540
   1.20000     1.30000   103.42809
   1.30000     1.30000   101.94755
   1.40000     1.30000   110.56281
   1.50000     1.30000   110.57986
   1.60000     1.30000   110.52588
   1.70000     1.30000   110.71840
   1.80000     1.30000   110.46982
   1.90000     1.30000   110.36260
   2.00000     1.30000   110.68340
   2.10000     1.30000   110.54112
   2.20000     1.30000   110.45580
   2.30000     1.30000   110.57558
   2.40000     1.30000   110.46859
   2.50000     1.30000   110.54202
   2.60000     1.30000   110.69081
   2.70000     1.30000   110.67123
   2.80000     1.30000   110.43790
   2.90000     1.30000   110.43434
   3.00000     1.30000   110.50699
   3.10000     1.30000   110.69140
   3.20000     1.30000   110.62103
   3.30000     1.30000   110.50585
   3.40000     1.30000   110.45774
   3.50000     1.30000   110.45032
   3.60000     1.30000   110.75024
   3.70000     1.30000   110.43680
   3.80000     1.30000   110.75289
   3.90000     1.30000   110.60283
   4.00000     1.30000   110.55827
   4.10000     1.30000   110.61029
   4.20000     1.30000   110.49280
   4.30000     1.30000   110.62258
   4.40000     1.30000   110.66527
   4.50000     1.30000   110.42054
   4.60000     1.30000   110.69349
   4.70000     1.30000   110.73818
   4.80000     1.30000   110.74780
   4.90000     1.30000   110.56862
   5.00000     1.30000   110.46187
   0.10000     1.40000   110.52431
   0.20000     1.40000   110.14892
   0.30000     1.40000   110.16777
   0.40000     1.40000   109.88091
   0.50000     1.40000   109.58633
   0.60000     1.40000   109.19067
   0.70000     1.40000   108.22371
   0.80000     1.40000   107.56316
   0.90000     1.40000   106.46316
   1.00000     1.40000   105.54655
   1.10000     1.40000   103.87244
   1.20000     1.40000   102.46741
   1.30000     1.40000   101.18612
   1.40000     1.40000   110.53970
   1.50000     1.40000   110.46760
   1.60000     1.40000   110.60746
   1.70000     1.40000   110.54190
   1.80000     1.40000   110.55654
   1.90000     1.40000   110.38906
   2.00000     1.40000   110.34598
   2.10000     1.40000   110.61294
   2.20000     1.40000   110.55989
   2.30000     1.40000   110.59522
   2.40000     1.40000   110.68344
   2.50000     1.40000   110.74000
   2.60000     1.40000   110.32751
   2.70000     1.40000   110.55385
   2.80000     1.40000   110.57384
   2.90000     1.40000   110.62735
   3.00000     1.40000   110.58243
   3.10000     1.40000   110.47498
   3.20000     1.40000   110.71672
   3.30000     1.40000   110.53549
   3.40000     1.40000   110.65767
   3.50000     1.40000   110.58855
   3.60000     1.40000   110.62315
   3.70000     1.40000   110.59061
   3.80000     1.40000   110.50360
   3.90000     1.40000   110.75921
   4.00000     1.40000   110.58327
   4.10000     1.40000   110.59503
   4.20000     1.40000   110.58241
   4.30000     1.40000   110.63842
   4.40000     1.40000   110.40850
   4.50000     1.40000   110.49762
   4.60000     1.40000   110.58028
   4.70000     1.40000   110.42116
   4.80000     1.40000   110.57328
   4.90000     1.40000   110.51535
   5.00000     1.40000   110.69220
   0.10000     1.50000   110.46009
   0.20000     1.50000   110.22116
   0.30000     1.50000   110.25190
   0.40000     1.50000   109.90747
   0.50000     1.50000   109.47414
   0.60000     1.50000   108.76188
   0.70000     1.50000   108.01130
   0.80000     1.50000   107.92110
   0.90000     1.50000   106.13135
   1.00000     1.50000   104.57271
   1.10000     1.50000   103.27663
   1.20000     1.50000   101.50259
   1.30000     1.50000   100.24251
   1.40000     1.50000   110.74976
   1.50000     1.50000   110.57238
   1.60000     1.50000   110.72923
   1.70000     1.50000   110.54991
   1.80000     1.50000   110.47115
   1.90000     1.50000   110.57676
   2.00000     1.50000   110.71104
   2.10000     1.50000   110.41154
   2.20000     1.50000   110.54382
   2.30000     1.50000   110.53115
   2.40000     1.50000   110.54670
   2.50000     1.50000   110.58246
   2.60000     1.50000   110.62347
   2.70000     1.50000   110.67345
   2.80000     1.50000   110.37814
   2.90000     1.50000   110.67079
   3.00000     1.50000   110.49283
   3.10000     1.50000   110.54139
   3.20000     1.50000   110.50560
   3.30000     1.50000   110.62350
   3.40000     1.50000   110.61207
   3.50000     1.50000   110.62467
   3.60000     1.50000   110.63854
   3.70000     1.50000   110.64726
   3.80000     1.50000   110.40269
   3.90000     1.50000   110.39234
   4.00000     1.50000   110.67453
   4.10000     1.50000   110.56120
   4.20000     1.50000   110.65149
   4.30000     1.50000   110.38733
   4.40000     1.50000   110.68778
   4.50000     1.50000   110.56000
   4.60000     1.50000   110.67593
   4.70000     1.50000   110.48883
   4.80000     1.50000   110.49219
   4.90000     1.50000   110.61515
   5.00000     1.50000   110.63396
   0.10000     1.60000   110.37552
   0.20000     1.60000   110.29964
   0.30000     1.60000   110.06780
   0.40000     1.60000   109.78633
   0.50000     1.60000   109.30204
   0.60000     1.60000   108.52115
   0.70000     1.60000   107.91360
   0.80000     1.60000   106.62518
   0.90000     1.60000   105.52984
   1.00000     1.60000   104.02420
   1.10000     1.60000   102.34707
   1.20000     1.60000   100.78209
   1.30000     1.60000   110.72334
   1.40000     1.60000   110.55455
   1.50000     1.60000   110.64965
   1.60000     1.60000   110.49579
   1.70000     1.60000   110.57480
   1.80000     1.60000   110.62000
   1.90000     1.60000   110.59510
   2.00000     1.60000   110.47125
   2.10000     1.60000   110.43075
   2.20000     1.60000   110.32677
   2.30000     1.60000   110.67883
   2.40000     1.60000   110.41099
   2.50000     1.60000   110.76954
   2.60000     1.60000   110.41136
   2.70000     1.60000   110.44092
   2.80000     1.60000   110.54164
   2.90000     1.60000   110.63604
   3.00000     1.60000   110.61716
   3.10000     1.60000   110.61562
   3.20000     1.60000   110.32762
   3.30000     1.60000   110.31727
   3.40000     1.60000   110.57593
   3.50000     1.60000   110.54030
   3.60000     1.60000   110.49117
   3.70000     1.60000   110.61985
   3.80000     1.60000   110.36961
   3.90000     1.60000   110.65646
   4.00000     1.60000   110.48814
   4.10000     1.60000   110.49790
   4.20000     1.60000   110.57882
   4.30000     1.60000   110.65666
   4.40000     1.60000   110.49098
   4.50000     1.60000   110.78149
   4.60000     1.60000   110.55485
   4.70000     1.60000   110.58762
   4.80000     1.60000   110.65709
   4.90000     1.60000   110.58952
   5.00000     1.60000   110.68311
   0.10000     1.70000   110.48704
   0.20000     1.70000   110.12671
   0.30000     1.70000   109.81077
   0.40000     1.70000   109.86982
   0.50000     1.70000   109.11171
   0.60000     1.70000   108.42741
   0.70000     1.70000   107.58786
   0.80000     1.70000   106.47248
   0.90000     1.70000   105.00634
   1.00000     1.70000   103.36938
   1.10000     1.70000   101.52651
   1.20000     1.70000   100.57048
   1.30000     1.70000   110.64522
   1.40000     1.70000   110.58991
   1.50000     1.70000   110.69223
   1.60000     1.70000   110.68679
   1.70000     1.70000   110.48185
   1.80000     1.70000   110.58065
   1.90000     1.70000   110.62304
   2.00000     1.70000   110.51996
   2.10000     1.70000   110.48637
   2.20000     1.70000   110.65410
   2.30000     1.70000   110.55238
   2.40000     1.70000   110.54471
   2.50000     1.70000   110.56314
   2.60000     1.70000   110.65231
   2.70000     1.70000   110.45403
   2.80000     1.70000   110.65257
   2.90000     1.70000   110.67373
   3.00000     1.70000   110.60653
   3.10000     1.70000   110.55123
   3.20000     1.70000   110.56533
   3.30000     1.70000   110.44364
   3.40000     1.70000   110.37513
   3.50000     1.70000   110.51211
   3.60000     1.70000   110.73387
   3.70000     1.70000   110.39463
   3.80000     1.70000   110.59433
   3.90000     1.70000   110.67728
   4.00000     1.70000   110.63374
   4.10000     1.70000   110.55723
   4.20000     1.70000   110.73935
   4.30000     1.70000   110.61824
   4.40000     1.70000   110.73359
   4.50000     1.70000   110.46818
   4.60000     1.70000   110.44487
   4.70000     1.70000   110.51943
   4.80000     1.70000   110.61485
   4.90000     1.70000   110.43229
   5.00000     1.70000   110.67895
   0.10000     1.80000   110.36660
   0.20000     1.80000   110.27120
   0.30000     1.80000   109.92572
   0.40000     1.80000   109.69621
   0.50000     1.80000   109.19450
   0.60000     1.80000   108.31266
   0.70000     1.80000   107.07788
   0.80000     1.80000   106.18226
   0.90000     1.80000   104.40085
   1.00000     1.80000   102.40338
   1.10000     1.80000   101.01237
   1.20000     1.80000    99.80764
   1.30000     1.80000   110.64856
   1.40000     1.80000   110.44521
   1.50000     1.80000   110.67907
   1.60000     1.80000   110.57409
   1.70000     1.80000   110.63292
   1.80000     1.80000   110.70730
   1.90000     1.80000   110.50343
   2.00000     1.80000   110.58390
   2.10000     1.80000   110.61803
   2.20000     1.80000   110.49810
   2.30000     1.80000   110.55656
   2.40000     1.80000   110.65076
   2.50000     1.80000   110.54905
   2.60000     1.80000   110.44243
   2.70000     1.80000   110.52368
   2.80000     1.80000   110.65546
   2.90000     1.80000   110.55555
   3.00000     1.80000   110.44630
   3.10000     1.80000   110.52438
   3.20000     1.80000   110.58350
   3.30000     1.80000   110.79199
   3.40000     1.80000   110.39182
   3.50000     1.80000   110.61983
   3.60000     1.80000   110.70119
   3.70000     1.80000   110.53040
   3.80000     1.80000   110.37611
   3.90000     1.80000   110.57150
   4.00000     1.80000   110.41672
   4.10000     1.80000   110.42408
   4.20000     1.80000   110.60733
   4.30000     1.80000   110.66322
   4.40000     1.80000   110.53612
   4.50000     1.80000   110.58132
   4.60000     1.80000   110.53680
   4.70000     1.80000   110.63656
   4.80000     1.80000   110.46931
   4.90000     1.80000   110.68400
   5.00000     1.80000   110.50711
   0.10000     1.90000   110.43540
   0.20000     1.90000   110.16450
   0.30000     1.90000   110.03149
   0.40000     1.90000   109.64560
   0.50000     1.90000   108.77769
   0.60000     1.90000   108.25128
   0.70000     1.90000   107.03282
   0.80000     1.90000   105.90563
   0.90000     1.90000   104.10679
   1.00000     1.90000   102.20531
   1.10000     1.90000   100.64476
   1.20000     1.90000    99.46959
   1.30000     1.90000   110.55793
   1.40000     1.90000   110.50273
   1.50000     1.90000   110.61401
   1.60000     1.90000   110.62275
   1.70000     1.90000   110.63069
   1.80000     1.90000   110.48727
   1.90000     1.90000   110.43975
   2.00000     1.90000   110.50161
   2.10000     1.90000   110.43507
   2.20000     1.90000   110.44678
   2.30000     1.90000   110.55592
   2.40000     1.90000   110.52910
   2.50000     1.90000   110.31913
   2.60000     1.90000   110.49701
   2.70000     1.90000   110.43266
   2.80000     1.90000   110.45908
   2.90000     1.90000   110.44542
   3.00000     1.90000   110.71560
   3.10000     1.90000   110.73484
   3.20000     1.90000   110.55199
   3.30000     1.90000   110.45758
   3.40000     1.90000   110.37474
   3.50000     1.90000   110.61224
   3.60000     1.90000   110.47213
   3.70000     1.90000   110.67817
   3.80000     1.90000   110.55408
   3.90000     1.90000   110.46875
   4.00000     1.90000   110.58557
   4.10000     1.90000   110.53142
   4.20000     1.90000   110.64316
   4.30000     1.90000   110.62482
   4.40000     1.90000   110.66619
   4.50000     1.90000   110.71683
   4.60000     1.90000   110.59600
   4.70000     1.90000   110.36818
   4.80000     1.90000   110.66026
   4.90000     1.90000   110.59578
   5.00000     1.90000   110.53053
   0.10000     2.00000   110.24426
   0.20000     2.00000   110.06267
   0.30000     2.00000   109.77569
   0.40000     2.00000   109.23641
   0.50000     2.00000   108.70116
   0.60000     2.00000   107.97392
   0.70000     2.00000   106.83686
   0.80000     2.00000   105.24137
   0.90000     2.00000   103.39604
   1.00000     2.00000   101.41672
   1.10000     2.00000    99.74213
   1.20000     2.00000    99.91910
   1.30000     2.00000   110.50055
   1.40000     2.00000   110.35301
   1.50000     2.00000   110.66214
   1.60000     2.00000   110.52789
   1.70000     2.00000   110.71716
   1.80000     2.00000   110.60737
   1.90000     2.00000   110.68426
   2.00000     2.00000   110.43509
   2.10000     2.00000   110.73080
   2.20000     2.00000   110.62607
   2.30000     2.00000   110.43849
   2.40000     2.00000   110.46605
   2.50000     2.00000   110.60579
   2.60000     2.00000   110.57074
   2.70000     2.00000   110.41409
   2.80000     2.00000   110.47267
   2.90000     2.00000   110.50658
   3.00000     2.00000   110.57254
   3.10000     2.00000   110.57952
   3.20000     2.00000   110.68856
   3.30000     2.00000   110.55318
   3.40000     2.00000   110.55324
   3.50000     2.00000   110.46069
   3.60000     2.00000   110.66500
   3.70000     2.00000   110.72815
   3.80000     2.00000   110.78574
   3.90000     2.00000   110.47313
   4.00000     2.00000   110.53651
   4.10000     2.00000   110.48450
   4.20000     2.00000   110.53255
   4.30000     2.00000   110.55249
   4.40000     2.00000   110.58161
   4.50000     2.00000   110.67623
   4.60000     2.00000   110.42597
   4.70000     2.00000   110.61336
   4.80000     2.00000   110.59369
   4.90000     2.00000   110.66002
   5.00000     2.00000   110.54277
   0.10000     2.10000   110.48662
   0.20000     2.10000   110.16070
   0.30000     2.10000   109.71166
   0.40000     2.10000   109.37907
   0.50000     2.10000   108.46464
   0.60000     2.10000   107.46252
   0.70000     2.10000   106.46351
   0.80000     2.10000   104.44810
   0.90000     2.10000   102.80319
   1.00000     2.10000   101.09093
   1.10000     2.10000    99.32898
   1.20000     2.10000   100.46798
   1.30000     2.10000   110.59505
   1.40000     2.10000   110.43682
   1.50000     2.10000   110.37198
   1.60000     2.10000   110.72098
   1.70000     2.10000   110.52883
   1.80000     2.10000   110.72592
   1.90000     2.10000   110.40279
   2.00000     2.10000   110.65115
   2.10000     2.10000   110.72471
   2.20000     2.10000   110.55456
   2.30000     2.10000   110.42184
   2.40000     2.10000   110.49487
   2.50000     2.10000   110.63580
   2.60000     2.10000   110.52912
   2.70000     2.10000   110.69598
   2.80000     2.10000   110.42449
   2.90000     2.10000   110.54597
   3.00000     2.10000   110.62330
   3.10000     2.10000   110.39612
   3.20000     2.10000   110.43313
   3.30000     2.10000   110.51682
   3.40000     2.10000   110.47305
   3.50000     2.10000   110.45134
   3.60000     2.10000   110.56221
   3.70000     2.10000   110.56491
   3.80000     2.10000   110.66078
   3.90000     2.10000   110.63106
   4.00000     2.10000   110.62522
   4.10000     2.10000   110.56739
   4.20000     2.10000   110.63279
   4.30000     2.10000   110.55242
   4.40000     2.10000   110.54435
   4.50000     2.10000   110.56663
   4.60000     2.10000   110.60614
   4.70000     2.10000   110.62820
   4.80000     2.10000   110.62360
   4.90000     2.10000   110.57822
   5.00000     2.10000   110.42857
   0.10000     2.20000   110.52799
   0.20000     2.20000   110.17212
   0.30000     2.20000   109.90583
   0.40000     2.20000   109.63456
   0.50000     2.20000   108.52201
   0.60000     2.20000   107.49903
   0.70000     2.20000   105.85072
   0.80000     2.20000   104.36319
   0.90000     2.20000   102.22506
   1.00000     2.20000   100.65869
   1.10000     2.20000    99.75665
   1.20000     2.20000   100.97853
   1.30000     2.20000   110.69511
   1.40000     2.20000   110.42672
   1.50000     2.20000   110.54799
   1.60000     2.20000   110.64314
   1.70000     2.20000   110.47949
   1.80000     2.20000   110.63022
   1.90000     2.20000   110.44111
   2.00000     2.20000   110.67785
   2.10000     2.20000   110.64322
   2.20000     2.20000   110.51869
   2.30000     2.20000   110.75516
   2.40000     2.20000   110.46954
   2.50000     2.20000   110.51534
   2.60000     2.20000   110.73523
   2.70000     2.20000   110.60768
   2.80000     2.20000   110.35990
   2.90000     2.20000   110.62830
   3.00000     2.20000   110.61149
   3.10000     2.20000   110.46689
   3.20000     2.20000   110.53780
   3.30000     2.20000   110.66772
   3.40000     2.20000   110.62684
   3.50000     2.20000   110.61363
   3.60000     2.20000   110.44392
   3.70000     2.20000   110.62252
   3.80000     2.20000   110.62321
   3.90000     2.20000   110.61863
   4.00000     2.20000   110.67266
   4.10000     2.20000   110.68829
   4.20000     2.20000   110.60996
   4.30000     2.20000   110.48282
   4.40000     2.20000   110.72744
   4.50000     2.20000   110.58246
   4.60000     2.20000   110.52177
   4.70000     2.20000   110.60799
   4.80000     2.20000   110.54006
   4.90000     2.20000   110.46384
   5.00000     2.20000   110.51094
   0.10000     2.30000   110.33970
   0.20000     2.30000   110.05405
   0.30000     2.30000   109.92714
   0.40000     2.30000   109.45093
   0.50000     2.30000   108.61043
   0.60000     2.30000   107.17182
   0.70000     2.30000   106.01453
   0.80000     2.30000   103.44934
   0.90000     2.30000   101.76707
   1.00000     2.30000    99.96045
   1.10000     2.30000    99.95335
   1.20000     2.30000   102.29880
   1.30000     2.30000   110.61383
   1.40000     2.30000   110.61146
   1.50000     2.30000   110.62815
   1.60000     2.30000   110.63656
   1.70000     2.30000   110.55111
   1.80000     2.30000   110.49194
   1.90000     2.30000   110.66719
   2.00000     2.30000   110.43154
   2.10000     2.30000   110.57838
   2.20000     2.30000   110.57985
   2.30000     2.30000   110.50039
   2.40000     2.30000   110.57703
   2.50000     2.30000   110.58720
   2.60000     2.30000   110.45239
   2.70000     2.30000   110.34980
   2.80000     2.30000   110.65208
   2.90000     2.30000   110.46434
   3.00000     2.30000   110.54109
   3.10000     2.30000   110.70157
   3.20000     2.30000   110.44778
   3.30000     2.30000   110.56698
   3.40000     2.30000   110.56545
   3.50000     2.30000   110.69141
   3.60000     2.30000   110.69214
   3.70000     2.30000   110.63301
   3.80000     2.30000   110.49122
   3.90000     2.30000   110.56299
   4.00000     2.30000   110.62328
   4.10000     2.30000   110.55153
   4.20000     2.30000   110.57401
   4.30000     2.30000   110.63007
   4.40000     2.30000   110.53226
   4.50000     2.30000   110.63133
   4.60000     2.30000   110.48296
   4.70000     2.30000   110.69734
   4.80000     2.30000   110.51655
   4.90000     2.30000   110.50980
   5.00000     2.30000   110.53998
   0.10000     2.40000   110.42638
   0.20000     2.40000   110.18316
   0.30000     2.40000   109.83927
   0.40000     2.40000   109.16394
   0.50000     2.40000   108.22559
   0.60000     2.40000   106.74197
   0.70000     2.40000   105.06619
   0.80000     2.40000   103.19488
   0.90000     2.40000   101.27072
   1.00000     2.40000    99.73090
   1.10000     2.40000   100.46947
   1.20000     2.40000   103.30663
   1.30000     2.40000   110.46186
   1.40000     2.40000   110.47412
   1.50000     2.40000   110.21551
   1.60000     2.40000   110.71721
   1.70000     2.40000   110.55622
   1.80000     2.40000   110.61076
   1.90000     2.40000   110.54356
   2.00000     2.40000   110.47498
   2.10000     2.40000   110.59589
   2.20000     2.40000   110.54929
   2.30000     2.40000   110.55698
   2.40000     2.40000   110.47493
   2.50000     2.40000   110.65582
   2.60000     2.40000   110.50769
   2.70000     2.40000   110.60616
   2.80000     2.40000   110.58461
   2.90000     2.40000   110.62313
   3.00000     2.40000   110.51628
   3.10000     2.40000   110.51164
   3.20000     2.40000   110.47731
   3.30000     2.40000   110.73448
   3.40000     2.40000   110.48986
   3.50000     2.40000   110.56408
   3.60000     2.40000   110.43112
   3.70000     2.40000   110.74357
   3.80000     2.40000   110.50804
   3.90000     2.40000   110.59171
   4.00000     2.40000   110.71521
   4.10000     2.40000   110.45649
   4.20000     2.40000   110.75400
   4.30000     2.40000   110.47734
   4.40000     2.40000   110.71285
   4.50000     2.40000   110.60528
   4.60000     2.40000   110.59208
   4.70000     2.40000   110.54691
   4.80000     2.40000   110.57782
   4.90000     2.40000   110.56991
   5.00000     2.40000   110.56766
   0.10000     2.50000   110.29833
   0.20000     2.50000   110.07204
   0.30000     2.50000   109.67526
   0.40000     2.50000   109.03502
   0.50000     2.50000   107.98371
   0.60000     2.50000   106.52049
   0.70000     2.50000   105.04700
   0.80000     2.50000   102.72057
   0.90000     2.50000   100.78081
   1.00000     2.50000    99.54994
   1.10000     2.50000   100.99714
   1.20000     2.50000   105.17935
   1.30000     2.50000   110.63817
   1.40000     2.50000   110.43727
   1.50000     2.50000   110.64797
   1.60000     2.50000   110.47645
   1.70000     2.50000   110.45356
   1.80000     2.50000   110.53957
   1.90000     2.50000   110.46891
   2.00000     2.50000   110.73457
   2.10000     2.50000   110.53169
   2.20000     2.50000   110.53720
   2.30000     2.50000   110.42216
   2.40000     2.50000   110.60476
   2.50000     2.50000   110.43862
   2.60000     2.50000   110.72630
   2.70000     2.50000   110.62026
   2.80000     2.50000   110.56278
   2.90000     2.50000   110.54280
   3.00000     2.50000   110.62367
   3.10000     2.50000   110.57050
   3.20000     2.50000   110.65818
   3.30000     2.50000   110.53505
   3.40000     2.50000   110.54819
   3.50000     2.50000   110.53558
   3.60000     2.50000   110.49689
   3.70000     2.50000   110.50843
   3.80000     2.50000   110.64006
   3.90000     2.50000   110.51991
   4.00000     2.50000   110.64324
   4.10000     2.50000   110.55165
   4.20000     2.50000   110.51499
   4.30000     2.50000   110.37432
   4.40000     2.50000   110.41918
   4.50000     2.50000   110.75764
   4.60000     2.50000   110.59250
   4.70000     2.50000   110.53847
   4.80000     2.50000   110.77278
   4.90000     2.50000   110.65514
   5.00000     2.50000   110.59808
   0.10000     2.60000   110.29697
   0.20000     2.60000   110.14332
   0.30000     2.60000   109.80958
   0.40000     2.60000   109.09977
   0.50000     2.60000   107.77864
   0.60000     2.60000   106.28027
   0.70000     2.60000   104.56692
   0.80000     2.60000   102.33777
   0.90000     2.60000   100.50213
   1.00000     2.60000    99.75502
   1.10000     2.60000   101.71805
   1.20000     2.60000   106.53217
   1.30000     2.60000   110.49475
   1.40000     2.60000   110.52624
   1.50000     2.60000   110.46171
   1.60000     2.60000   110.57538
   1.70000     2.60000   110.50872
   1.80000     2.60000   110.65119
   1.90000     2.60000   110.71935
   2.00000     2.60000   110.48111
   2.10000     2.60000   110.59118
   2.20000     2.60000   110.52798
   2.30000     2.60000   110.38072
   2.40000     2.60000   110.54714
   2.50000     2.60000   110.53421
   2.60000     2.60000   110.49391
   2.70000     2.60000   110.55559
   2.80000     2.60000   110.65075
   2.90000     2.60000   110.58550
   3.00000     2.60000   110.41584
   3.10000     2.60000   110.70019
   3.20000     2.60000   110.63290
   3.30000     2.60000   110.72628
   3.40000     2.60000   110.51959
   3.50000     2.60000   110.65472
   3.60000     2.60000   110.58746
   3.70000     2.60000   110.59890
   3.80000     2.60000   110.61271
   3.90000     2.60000   110.44767
   4.00000     2.60000   110.60442
   4.10000     2.60000   110.64111
   4.20000     2.60000   110.50391
   4.30000     2.60000   110.44876
   4.40000     2.60000   110.64496
   4.50000     2.60000   110.58400
   4.60000     2.60000   110.61248
   4.70000     2.60000   110.61702
   4.80000     2.60000   110.53518
   4.90000     2.60000   110.61261
   5.00000     2.60000   110.57554
   0.10000     2.70000   110.43445
   0.20000     2.70000   110.09532
   0.30000     2.70000   109.85164
   0.40000     2.70000   108.81884
   0.50000     2.70000   107.98959
   0.60000     2.70000   105.88509
   0.70000     2.70000   104.18239
   0.80000     2.70000   101.75373
   0.90000     2.70000   100.02773
   1.00000     2.70000    99.76307
   1.10000     2.70000   102.83907
   1.20000     2.70000   110.51338
   1.30000     2.70000   110.69692
   1.40000     2.70000   110.68909
   1.50000     2.70000   110.54810
   1.60000     2.70000   110.64725
   1.70000     2.70000   110.58633
   1.80000     2.70000   110.56988
   1.90000     2.70000   110.66392
   2.00000     2.70000   110.54703
   2.10000     2.70000   110.42056
   2.20000     2.70000   110.64585
   2.30000     2.70000   110.60229
   2.40000     2.70000   110.56876
   2.50000     2.70000   110.56397
   2.60000     2.70000   110.50848
   2.70000     2.70000   110.65340
   2.80000     2.70000   110.55817
   2.90000     2.70000   110.37645
   3.00000     2.70000   110.64453
   3.10000     2.70000   110.63273
   3.20000     2.70000   110.49453
   3.30000     2.70000   110.53094
   3.40000     2.70000   110.59111
   3.50000     2.70000   110.48898
   3.60000     2.70000   110.74394
   3.70000     2.70000   110.48368
   3.80000     2.70000   110.47228
   3.90000     2.70000   110.69982
   4.00000     2.70000   110.43048
   4.10000     2.70000   110.60521
   4.20000     2.70000   110.64576
   4.30000     2.70000   110.43185
   4.40000     2.70000   110.72562
   4.50000     2.70000   110.46428
   4.60000     2.70000   110.55884
   4.70000     2.70000   110.72896
   4.80000     2.70000   110.48070
   4.90000     2.70000   110.58426
   5.00000     2.70000   110.49591
   0.10000     2.80000   110.23881
   0.20000     2.80000   110.11069
   0.30000     2.80000   109.56415
   0.40000     2.80000   108.86951
   0.50000     2.80000   107.39689
   0.60000     2.80000   106.01668
   0.70000     2.80000   103.77867
   0.80000     2.80000   101.12691
   0.90000     2.80000    99.50160
   1.00000     2.80000   100.59917
   1.10000     2.80000   104.01400
   1.20000     2.80000   110.73503
   1.30000     2.80000   110.60053
   1.40000     2.80000   110.62856
   1.50000     2.80000   110.67357
   1.60000     2.80000   110.61476
   1.70000     2.80000   110.57091
   1.80000     2.80000   110.62440
   1.90000     2.80000   110.61507
   2.00000     2.80000   110.66320
   2.10000     2.80000   110.64347
   2.20000     2.80000   110.68150
   2.30000     2.80000   110.50307
   2.40000     2.80000   110.50414
   2.50000     2.80000   110.41746
   2.60000     2.80000   110.60226
   2.70000     2.80000   110.46482
   2.80000     2.80000   110.58715
   2.90000     2.80000   110.51041
   3.00000     2.80000   110.55933
   3.10000     2.80000   110.60735
   3.20000     2.80000   110.69656
   3.30000     2.80000   110.51519
   3.40000     2.80000   110.56591
   3.50000     2.80000   110.46410
   3.60000     2.80000   110.62713
   3.70000     2.80000   110.64224
   3.80000     2.80000   110.61199
   3.90000     2.80000   110.51420
   4.00000     2.80000   110.64535
   4.10000     2.80000   110.63117
   4.20000     2.80000   110.55013
   4.30000     2.80000   110.65537
   4.40000     2.80000   110.55329
   4.50000     2.80000   110.69162
   4.60000     2.80000   110.64101
   4.70000     2.80000   110.40487
   4.80000     2.80000   110.33652
   4.90000     2.80000   110.74887
   5.00000     2.80000   110.42110
   0.10000     2.90000   110.30615
   0.20000     2.90000   109.87579
   0.30000     2.90000   109.77039
   0.40000     2.90000   108.74665
   0.50000     2.90000   107.33802
   0.60000     2.90000   105.89221
   0.70000     2.90000   103.30817
   0.80000     2.90000   101.12587
   0.90000     2.90000    99.70385
   1.00000     2.90000   101.35785
   1.10000     2.90000   105.96017
   1.20000     2.90000   110.56037
   1.30000     2.90000   110.48348
   1.40000     2.90000   110.47262
   1.50000     2.90000   110.63211
   1.60000     2.90000   110.62537
   1.70000     2.90000   110.44903
   1.80000     2.90000   110.49734
   1.90000     2.90000   110.65294
   2.00000     2.90000   110.65264
   2.10000     2.90000   110.52049
   2.20000     2.90000   110.66097
   2.30000     2.90000   110.47511
   2.40000     2.90000   110.64454
   2.50000     2.90000   110.63268
   2.60000     2.90000   110.54310
   2.70000     2.90000   110.66657
   2.80000     2.90000   110.69977
   2.90000     2.90000   110.69402
   3.00000     2.90000   110.77382
   3.10000     2.90000   110.58125
   3.20000     2.90000   110.77859
   3.30000     2.90000   110.47886
   3.40000     2.90000   110.75153
   3.50000     2.90000   110.66230
   3.60000     2.90000   110.70063
   3.70000     2.90000   110.58886
   3.80000     2.90000   110.44095
   3.90000     2.90000   110.53676
   4.00000     2.90000   110.55691
   4.10000     2.90000   110.45443
   4.20000     2.90000   110.55514
   4.30000     2.90000   110.58770
   4.40000     2.90000   110.44689
   4.50000     2.90000   110.44701
   4.60000     2.90000   110.52879
   4.70000     2.90000   110.57546
   4.80000     2.90000   110.60192
   4.90000     2.90000   110.39360
   5.00000     2.90000   110.55197
   0.10000     3.00000   110.38849
   0.20000     3.00000   110.12106
   0.30000     3.00000   109.49029
   0.40000     3.00000   108.28322
   0.50000     3.00000   106.98872
   0.60000     3.00000   105.23312
   0.70000     3.00000   103.19949
   0.80000     3.00000   100.54291
   0.90000     3.00000    99.70806
   1.00000     3.00000   102.01602
   1.10000     3.00000   107.15132
   1.20000     3.00000   110.58179
   1.30000     3.00000   110.48648
   1.40000     3.00000   110.46460
   1.50000     3.00000   110.37856
   1.60000     3.00000   110.52641
   1.70000     3.00000   110.49210
   1.80000     3.00000   110.60043
   1.90000     3.00000   110.53599
   2.00000     3.00000   110.56916
   2.10000     3.00000   110.72571
   2.20000     3.00000   110.41819
   2.30000     3.00000   110.61256
   2.40000     3.00000   110.69021
   2.50000     3.00000   110.71771
   2.60000     3.00000   110.65378
   2.70000     3.00000   110.56334
   2.80000     3.00000   110.49094
   2.90000     3.00000   110.41795
   3.00000     3.00000   110.57932
   3.10000     3.00000   110.50805
   3.20000     3.00000   110.57216
   3.30000     3.00000   110.53610
   3.40000     3.00000   110.44624
   3.50000     3.00000   110.55758
   3.60000     3.00000   110.66261
   3.70000     3.00000   110.61246
   3.80000     3.00000   110.54115
   3.90000     3.00000   110.57996
   4.00000     3.00000   110.61060
   4.10000     3.00000   110.45230
   4.20000     3.00000   110.88572
   4.30000     3.00000   110.56619
   4.40000     3.00000   110.41129
   4.50000     3.00000   110.59266
   4.60000     3.00000   110.58207
   4.70000     3.00000   110.51356
   4.80000     3.00000   110.59687
   4.90000     3.00000   110.45162
   5.00000     3.00000   110.46308
   0.10000     3.10000   110.45377
   0.20000     3.10000   110.15010
   0.30000     3.10000   109.41227
   0.40000     3.10000   108.54174
   0.50000     3.10000   107.05987
   0.60000     3.10000   104.85907
   0.70000     3.10000   102.33375
   0.80000     3.10000   100.29350
   0.90000     3.10000   100.01801
   1.00000     3.10000   102.53954
   1.10000     3.10000   108.09250
   1.20000     3.10000   110.56396
   1.30000     3.10000   110.57115
   1.40000     3.10000   110.44423
   1.50000     3.10000   110.56886
   1.60000     3.10000   110.62510
   1.70000     3.10000   110.42457
   1.80000     3.10000   110.52587
   1.90000     3.10000   110.45108
   2.00000     3.10000   110.62436
   2.10000     3.10000   110.52441
   2.20000     3.10000   110.56101
   2.30000     3.10000   110.54385
   2.40000     3.10000   110.50622
   2.50000     3.10000   110.60947
   2.60000     3.10000   110.68486
   2.70000     3.10000   110.56587
   2.80000     3.10000   110.59715
   2.90000     3.10000   110.43900
   3.00000     3.10000   110.48046
   3.10000     3.10000   110.61955
   3.20000     3.10000   110.49650
   3.30000     3.10000   110.60022
   3.40000     3.10000   110.53405
   3.50000     3.10000   110.59993
   3.60000     3.10000   110.37958
   3.70000     3.10000   110.34734
   3.80000     3.10000   110.59533
   3.90000     3.10000   110.51893
   4.00000     3.10000   110.52629
   4.10000     3.10000   110.62063
   4.20000     3.10000   110.70926
   4.30000     3.10000   110.77245
   4.40000     3.10000   110.72281
   4.50000     3.10000   110.49022
   4.60000     3.10000   110.60712
   4.70000     3.10000   110.63465
   4.80000     3.10000   110.55660
   4.90000     3.10000   110.64537
   5.00000     3.10000   110.67453
   0.10000     3.20000   110.20053
   0.20000     3.20000   109.79053
   0.30000     3.20000   109.41744
   0.40000     3.20000   108.25252
   0.50000     3.20000   107.03245
   0.60000     3.20000   104.58038
   0.70000     3.20000   101.98306
   0.80000     3.20000   100.16682
   0.90000     3.20000   100.51914
   1.00000     3.20000   104.27739
   1.10000     3.20000   109.59344
   1.20000     3.20000   110.62786
   1.30000     3.20000   110.57926
   1.40000     3.20000   110.56494
   1.50000     3.20000   110.70634
   1.60000     3.20000   110.58080
   1.70000     3.20000   110.51797
   1.80000     3.20000   110.57656
   1.90000     3.20000   110.54817
   2.00000     3.20000   110.62728
   2.10000     3.20000   110.55959
   2.20000     3.20000   110.61689
   2.30000     3.20000   110.54132
   2.40000     3.20000   110.62593
   2.50000     3.20000   110.74935
   2.60000     3.20000   110.55820
   2.70000     3.20000   110.60147
   2.80000     3.20000   110.61543
   2.90000     3.20000   110.46600
   3.00000     3.20000   110.57218
   3.10000     3.20000   110.42364
   3.20000     3.20000   110.56112
   3.30000     3.20000   110.59292
   3.40000     3.20000   110.56040
   3.50000     3.20000   110.60534
   3.60000     3.20000   110.60460
   3.70000     3.20000   110.55415
   3.80000     3.20000   110.46105
   3.90000     3.20000   110.53779
   4.00000     3.20000   110.60033
   4.10000     3.20000   110.64272
   4.20000     3.20000   110.38788
   4.30000     3.20000   110.70625
   4.40000     3.20000   110.47131
   4.50000     3.20000   110.42430
   4.60000     3.20000   110.48408
   4.70000     3.20000   110.59027
   4.80000     3.20000   110.54300
   4.90000     3.20000   110.67760
   5.00000     3.20000   110.46222
   0.10000     3.30000   110.24890
   0.20000     3.30000   109.91709
   0.30000     3.30000   109.53346
   0.40000     3.30000   108.52427
   0.50000     3.30000   106.23849
   0.60000     3.30000   104.20022
   0.70000     3.30000   101.92156
   0.80000     3.30000    99.84857
   0.90000     3.30000   100.71572
   1.00000     3.30000   105.27827
   1.10000     3.30000   110.56911
   1.20000     3.30000   110.51044
   1.30000     3.30000   110.70884
   1.40000     3.30000   110.50133
   1.50000     3.30000   110.71676
   1.60000     3.30000   110.53107
   1.70000     3.30000   110.65181
   1.80000     3.30000   110.54684
   1.90000     3.30000   110.63739
   2.00000     3.30000   110.39125
   2.10000     3.30000   110.65624
   2.20000     3.30000   110.52324
   2.30000     3.30000   110.55985
   2.40000     3.30000   110.63293
   2.50000     3.30000   110.70120
   2.60000     3.30000   110.61920
   2.70000     3.30000   110.46729
   2.80000     3.30000   110.64361
   2.90000     3.30000   110.57044
   3.00000     3.30000   110.46138
   3.10000     3.30000   110.38818
   3.20000     3.30000   110.47505
   3.30000     3.30000   110.69562
   3.40000     3.30000   110.55860
   3.50000     3.30000   110.72666
   3.60000     3.30000   110.56403
   3.70000     3.30000   110.64740
   3.80000     3.30000   110.56969
   3.90000     3.30000   110.58147
   4.00000     3.30000   110.63221
   4.10000     3.30000   110.58336
   4.20000     3.30000   110.67190
   4.30000     3.30000   110.53853
   4.40000     3.30000   110.58125
   4.50000     3.30000   110.54810
   4.60000     3.30000   110.68298
   4.70000     3.30000   110.44667
   4.80000     3.30000   110.50728
   4.90000     3.30000   110.45469
   5.00000     3.30000   110.56641
   0.10000     3.40000   110.20580
   0.20000     3.40000   110.09121
   0.30000     3.40000   109.21266
   0.40000     3.40000   108.33918
   0.50000     3.40000   106.07394
   0.60000     3.40000   103.62828
   0.70000     3.40000   101.43317
   0.80000     3.40000    99.69704
   0.90000     3.40000   101.39224
   1.00000     3.40000   106.55671
   1.10000     3.40000   111.00176
   1.20000     3.40000   110.68206
   1.30000     3.40000   110.49190
   1.40000     3.40000   110.63483
   1.50000     3.40000   110.58521
   1.60000     3.40000   110.62111
   1.70000     3.40000   110.65473
   1.80000     3.40000   110.42697
   1.90000     3.40000   110.52717
   2.00000     3.40000   110.41637
   2.10000     3.40000   110.62621
   2.20000     3.40000   110.38892
   2.30000     3.40000   110.56608
   2.40000     3.40000   110.65251
   2.50000     3.40000   110.52953
   2.60000     3.40000   110.67289
   2.70000     3.40000   110.50904
   2.80000     3.40000   110.52421
   2.90000     3.40000   110.52212
   3.00000     3.40000   110.64519
   3.10000     3.40000   110.50227
   3.20000     3.40000   110.78467
   3.30000     3.40000   110.54701
   3.40000     3.40000   110.35149
   3.50000     3.40000   110.59370
   3.60000     3.40000   110.63670
   3.70000     3.40000   110.52392
   3.80000     3.40000   110.48503
   3.90000     3.40000   110.42711
   4.00000     3.40000   110.57901
   4.10000     3.40000   110.58572
   4.20000     3.40000   110.56705
   4.30000     3.40000   110.54381
   4.40000     3.40000   110.40890
   4.50000     3.40000   110.65990
   4.60000     3.40000   110.57479
   4.70000     3.40000   110.51634
   4.80000     3.40000   110.58334
   4.90000     3.40000   110.66032
   5.00000     3.40000   110.61172
   0.10000     3.50000   110.09455
   0.20000     3.50000   109.86013
   0.30000     3.50000   109.14410
   0.40000     3.50000   108.07933
   0.50000     3.50000   106.22011
   0.60000     3.50000   103.67215
   0.70000     3.50000   101.03383
   0.80000     3.50000    99.58699
   0.90000     3.50000   101.77549
   1.00000     3.50000   107.48893
   1.10000     3.50000   111.14358
   1.20000     3.50000   110.41217
   1.30000     3.50000   110.71412
   1.40000     3.50000   110.52496
   1.50000     3.50000   110.39736
   1.60000     3.50000   110.79612
   1.70000     3.50000   110.61723
   1.80000     3.50000   110.69984
   1.90000     3.50000   110.66295
   2.00000     3.50000   110.50708
   2.10000     3.50000   110.37267
   2.20000     3.50000   110.62372
   2.30000     3.50000   110.50296
   2.40000     3.50000   110.50090
   2.50000     3.50000   110.63878
   2.60000     3.50000   110.59905
   2.70000     3.50000   110.49915
   2.80000     3.50000   110.42596
   2.90000     3.50000   110.72016
   3.00000     3.50000   110.55326
   3.10000     3.50000   110.42497
   3.20000     3.50000   110.58521
   3.30000     3.50000   110.57365
   3.40000     3.50000   110.79959
   3.50000     3.50000   110.44851
   3.60000     3.50000   110.76205
   3.70000     3.50000   110.53789
   3.80000     3.50000   110.34991
   3.90000     3.50000   110.52341
   4.00000     3.50000   110.36023
   4.10000     3.50000   110.58534
   4.20000     3.50000   110.58319
   4.30000     3.50000   110.58853
   4.40000     3.50000   110.58680
   4.50000     3.50000   110.77559
   4.60000     3.50000   110.44280
   4.70000     3.50000   110.61194
   4.80000     3.50000   110.58848
   4.90000     3.50000   110.31990
   5.00000     3.50000   110.54317
   0.10000     3.60000   110.12394
   0.20000     3.60000   109.68012
   0.30000     3.60000   109.22389
   0.40000     3.60000   107.95461
   0.50000     3.60000   105.77530
   0.60000     3.60000   103.36305
   0.70000     3.60000   100.82324
   0.80000     3.60000   100.05977
   0.90000     3.60000   102.76475
   1.00000     3.60000   108.59930
   1.10000     3.60000   111.21672
   1.20000     3.60000   110.60866
   1.30000     3.60000   110.46769
   1.40000     3.60000   110.70731
   1.50000     3.60000   110.44251
   1.60000     3.60000   110.57456
   1.70000     3.60000   110.40662
   1.80000     3.60000   110.58989
   1.90000     3.60000   110.89696
   2.00000     3.60000   110.51500
   2.10000     3.60000   110.44517
   2.20000     3.60000   110.44581
   2.30000     3.60000   110.67749
   2.40000     3.60000   110.46580
   2.50000     3.60000   110.50911
   2.60000     3.60000   110.57185
   2.70000     3.60000   110.38545
   2.80000     3.60000   110.46394
   2.90000     3.60000   110.75358
   3.00000     3.60000   110.61656
   3.10000     3.60000   110.65794
   3.20000     3.60000   110.50099
   3.30000     3.60000   110.61185
   3.40000     3.60000   110.68733
   3.50000     3.60000   110.67672
   3.60000     3.60000   110.55938
   3.70000     3.60000   110.51091
   3.80000     3.60000   110.55040
   3.90000     3.60000   110.68482
   4.00000     3.60000   110.64028
   4.10000     3.60000   110.42571
   4.20000     3.60000   110.59962
   4.30000     3.60000   110.59530
   4.40000     3.60000   110.66487
   4.50000     3.60000   110.69080
   4.60000     3.60000   110.59167
   4.70000     3.60000   110.60240
   4.80000     3.60000   110.59855
   4.90000     3.60000   110.59554
   5.00000     3.60000   110.56193
   0.10000     3.70000   110.26412
   0.20000     3.70000   109.78021
   0.30000     3.70000   108.93693
   0.40000     3.70000   107.68861
   0.50000     3.70000   105.80892
   0.60000     3.70000   102.93384
   0.70000     3.70000   100.47662
   0.80000     3.70000   100.16120
   0.90000     3.70000   103.38536
   1.00000     3.70000   109.88979
   1.10000     3.70000   111.11190
   1.20000     3.70000   110.46603
   1.30000     3.70000   110.58094
   1.40000     3.70000   110.39037
   1.50000     3.70000   110.54233
   1.60000     3.70000   110.38597
   1.70000     3.70000   110.59641
   1.80000     3.70000   110.47127
   1.90000     3.70000   110.44011
   2.00000     3.70000   110.57104
   2.10000     3.70000   110.55704
   2.20000     3.70000   110.60051
   2.30000     3.70000   110.50401
   2.40000     3.70000   110.56846
   2.50000     3.70000   110.55302
   2.60000     3.70000   110.55672
   2.70000     3.70000   110.48254
   2.80000     3.70000   110.68698
   2.90000     3.70000   110.53672
   3.00000     3.70000   110.50234
   3.10000     3.70000   110.51317
   3.20000     3.70000   110.52396
   3.30000     3.70000   110.64385
   3.40000     3.70000   110.53897
   3.50000     3.70000   110.40664
   3.60000     3.70000   110.67051
   3.70000     3.70000   110.54256
   3.80000     3.70000   110.60432
   3.90000     3.70000   110.32444
   4.00000     3.70000   110.65456
   4.10000     3.70000   110.66475
   4.20000     3.70000   110.76432
   4.30000     3.70000   110.59443
   4.40000     3.70000   110.50758
   4.50000     3.70000   110.66510
   4.60000     3.70000   110.77377
   4.70000     3.70000   110.59648
   4.80000     3.70000   110.65571
   4.90000     3.70000   110.49085
   5.00000     3.70000   110.58715
   0.10000     3.80000   110.03641
   0.20000     3.80000   109.73260
   0.30000     3.80000   108.81527
   0.40000     3.80000   107.60709
   0.50000     3.80000   105.29897
   0.60000     3.80000   102.89468
   0.70000     3.80000   100.39900
   0.80000     3.80000   100.69090
   0.90000     3.80000   104.75171
   1.00000     3.80000   110.64172
   1.10000     3.80000   111.18506
   1.20000     3.80000   110.44906
   1.30000     3.80000   110.39265
   1.40000     3.80000   110.68576
   1.50000     3.80000   110.63696
   1.60000     3.80000   110.51594
   1.70000     3.80000   110.50922
   1.80000     3.80000   110.58757
   1.90000     3.80000   110.73193
   2.00000     3.80000   110.37900
   2.10000     3.80000   110.59473
   2.20000     3.80000   110.59821
   2.30000     3.80000   110.56182
   2.40000     3.80000   110.66285
   2.50000     3.80000   110.52490
   2.60000     3.80000   110.70877
   2.70000     3.80000   110.62007
   2.80000     3.80000   110.62051
   2.90000     3.80000   110.36088
   3.00000     3.80000   110.54921
   3.10000     3.80000   110.58632
   3.20000     3.80000   110.60822
   3.30000     3.80000   110.70339
   3.40000     3.80000   110.52118
   3.50000     3.80000   110.47534
   3.60000     3.80000   110.52407
   3.70000     3.80000   110.45883
   3.80000     3.80000   110.67724
   3.90000     3.80000   110.71020
   4.00000     3.80000   110.62162
   4.10000     3.80000   110.56744
   4.20000     3.80000   110.48728
   4.30000     3.80000   110.43471
   4.40000     3.80000   110.54543
   4.50000     3.80000   110.48708
   4.60000     3.80000   110.82748
   4.70000     3.80000   110.62438
   4.80000     3.80000   110.55548
   4.90000     3.80000   110.51036
   5.00000     3.80000   110.70936
   0.10000     3.90000   110.27341
   0.20000     3.90000   110.04578
   0.30000     3.90000   109.21406
   0.40000     3.90000   107.81969
   0.50000     3.90000   105.46687
   0.60000     3.90000   102.25585
   0.70000     3.90000   100.23038
   0.80000     3.90000   100.82302
   0.90000     3.90000   106.13049
   1.00000     3.90000   111.00906
   1.10000     3.90000   111.18880
   1.20000     3.90000   110.51905
   1.30000     3.90000   110.51675
   1.40000     3.90000   110.54374
   1.50000     3.90000   110.37853
   1.60000     3.90000   110.50339
   1.70000     3.90000   110.72947
   1.80000     3.90000   110.46477
   1.90000     3.90000   110.76731
   2.00000     3.90000   110.52207
   2.10000     3.90000   110.52341
   2.20000     3.90000   110.58649
   2.30000     3.90000   110.67044
   2.40000     3.90000   110.53183
   2.50000     3.90000   110.58476
   2.60000     3.90000   110.64571
   2.70000     3.90000   110.56109
   2.80000     3.90000   110.61823
   2.90000     3.90000   110.62372
   3.00000     3.90000   110.50130
   3.10000     3.90000   110.50864
   3.20000     3.90000   110.63265
   3.30000     3.90000   110.64512
   3.40000     3.90000   110.58940
   3.50000     3.90000   110.33814
   3.60000     3.90000   110.64389
   3.70000     3.90000   110.60966
   3.80000     3.90000   110.43845
   3.90000     3.90000   110.66448
   4.00000     3.90000   110.65242
   4.10000     3.90000   110.65248
   4.20000     3.90000   110.46689
   4.30000     3.90000   110.55707
   4.40000     3.90000   110.67604
   4.50000     3.90000   110.67396
   4.60000     3.90000   110.47853
   4.70000     3.90000   110.51879
   4.80000     3.90000   110.49442
   4.90000     3.90000   110.51889
   5.00000     3.90000   110.40238
   0.10000     4.00000   110.19013
   0.20000     4.00000   109.67784
   0.30000     4.00000   109.02096
   0.40000     4.00000   107.22892
   0.50000     4.00000   105.10918
   0.60000     4.00000   102.13343
   0.70000     4.00000    99.81797
   0.80000     4.00000   100.98258
   0.90000     4.00000   106.63981
   1.00000     4.00000   111.11317
   1.10000     4.00000   110.65028
   1.20000     4.00000   110.52439
   1.30000     4.00000   110.57743
   1.40000     4.00000   110.60510
   1.50000     4.00000   110.57049
   1.60000     4.00000   110.46605
   1.70000     4.00000   110.55037
   1.80000     4.00000   110.64823
   1.90000     4.00000   110.68850
   2.00000     4.00000   110.53786
   2.10000     4.00000   110.51720
   2.20000     4.00000   110.56761
   2.30000     4.00000   110.54677
   2.40000     4.00000   110.64163
   2.50000     4.00000   110.72847
   2.60000     4.00000   110.52111
   2.70000     4.00000   110.53283
   2.80000     4.00000   110.65591
   2.90000     4.00000   110.53567
   3.00000     4.00000   110.56659
   3.10000     4.00000   110.55739
   3.20000     4.00000   110.46408
   3.30000     4.00000   110.52242
   3.40000     4.00000   110.51608
   3.50000     4.00000   110.52518
   3.60000     4.00000   110.53220
   3.70000     4.00000   110.54869
   3.80000     4.00000   110.57823
   3.90000     4.00000   110.56573
   4.00000     4.00000   110.63608
   4.10000     4.00000   110.52867
   4.20000     4.00000   110.31912
   4.30000     4.00000   110.60704
   4.40000     4.00000   110.62900
   4.50000     4.00000   110.54515
   4.60000     4.00000   110.46207
   4.70000     4.00000   110.57225
   4.80000     4.00000   110.60180
   4.90000     4.00000   110.66062
   5.00000     4.00000   110.53939
   0.10000     4.10000   110.35867
   0.20000     4.10000   109.78490
   0.30000     4.10000   108.77158
   0.40000     4.10000   107.35798
   0.50000     4.10000   104.92856
   0.60000     4.10000   102.04680
   0.70000     4.10000    99.79654
   0.80000     4.10000   101.72252
   0.90000     4.10000   107.43765
   1.00000     4.10000   111.13966
   1.10000     4.10000   110.53662
   1.20000     4.10000   110.55778
   1.30000     4.10000   110.59551
   1.40000     4.10000   110.42346
   1.50000     4.10000   110.66608
   1.60000     4.10000   110.61711
   1.70000     4.10000   110.54144
   1.80000     4.10000   110.70380
   1.90000     4.10000   110.60635
   2.00000     4.10000   110.54085
   2.10000     4.10000   110.69216
   2.20000     4.10000   110.64017
   2.30000     4.10000   110.63515
   2.40000     4.10000   110.46426
   2.50000     4.10000   110.48350
   2.60000     4.10000   110.50828
   2.70000     4.10000   110.59407
   2.80000     4.10000   110.65861
   2.90000     4.10000   110.56588
   3.00000     4.10000   110.51693
   3.10000     4.10000   110.46810
   3.20000     4.10000   110.63622
   3.30000     4.10000   110.75943
   3.40000     4.10000   110.42086
   3.50000     4.10000   110.60425
   3.60000     4.10000   110.63202
   3.70000     4.10000   110.65973
   3.80000     4.10000   110.68156
   3.90000     4.10000   110.49303
   4.00000     4.10000   110.74651
   4.10000     4.10000   110.70363
   4.20000     4.10000   110.49775
   4.30000     4.10000   110.67153
   4.40000     4.10000   110.52375
   4.50000     4.10000   110.64880
   4.60000     4.10000   110.46941
   4.70000     4.10000   110.66326
   4.80000     4.10000   110.62024
   4.90000     4.10000   110.63407
   5.00000     4.10000   110.51244
   0.10000     4.20000   110.26823
   0.20000     4.20000   109.78582
   0.30000     4.20000   108.96157
   0.40000     4.20000   107.54612
   0.50000     4.20000   104.43587
   0.60000     4.20000   101.64639
   0.70000     4.20000    99.72524
   0.80000     4.20000   102.06368
   0.90000     4.20000   108.76324
   1.00000     4.20000   111.12911
   1.10000     4.20000   110.63259
   1.20000     4.20000   110.44021
   1.30000     4.20000   110.62757
   1.40000     4.20000   110.46393
   1.50000     4.20000   110.65075
   1.60000     4.20000   110.52680
   1.70000     4.20000   110.60838
   1.80000     4.20000   110.56151
   1.90000     4.20000   110.59028
   2.00000     4.20000   110.44771
   2.10000     4.20000   110.69457
   2.20000     4.20000   110.67914
   2.30000     4.20000   110.52199
   2.40000     4.20000   110.51238
   2.50000     4.20000   110.54097
   2.60000     4.20000   110.58344
   2.70000     4.20000   110.60541
   2.80000     4.20000   110.55814
   2.90000     4.20000   110.55697
   3.00000     4.20000   110.57429
   3.10000     4.20000   110.54659
   3.20000     4.20000   110.43053
   3.30000     4.20000   110.61876
   3.40000     4.20000   110.48761
   3.50000     4.20000   110.52144
   3.60000     4.20000   110.60782
   3.70000     4.20000   110.49793
   3.80000     4.20000   110.53470
   3.90000     4.20000   110.64890
   4.00000     4.20000   110.63678
   4.10000     4.20000   110.53063
   4.20000     4.20000   110.56232
   4.30000     4.20000   110.69660
   4.40000     4.20000   110.76175
   4.50000     4.20000   110.50326
   4.60000     4.20000   110.58626
   4.70000     4.20000   110.42269
   4.80000     4.20000   110.56065
   4.90000     4.20000   110.62245
   5.00000     4.20000   110.56936
   0.10000     4.30000   110.28696
   0.20000     4.30000   109.62093
   0.30000     4.30000   108.61989
   0.40000     4.30000   106.94992
   0.50000     4.30000   104.20757
   0.60000     4.30000   101.26454
   0.70000     4.30000   100.00191
   0.80000     4.30000   103.18808
   0.90000     4.30000   109.72907
   1.00000     4.30000   111.18168
   1.10000     4.30000   110.66333
   1.20000     4.30000   110.40767
   1.30000     4.30000   110.56459
   1.40000     4.30000   110.65291
   1.50000     4.30000   110.58451
   1.60000     4.30000   110.53622
   1.70000     4.30000   110.49620
   1.80000     4.30000   110.55046
   1.90000     4.30000   110.48414
   2.00000     4.30000   110.72543
   2.10000     4.30000   110.58353
   2.20000     4.30000   110.68316
   2.30000     4.30000   110.60644
   2.40000     4.30000   110.65578
   2.50000     4.30000   110.50427
   2.60000     4.30000   110.50176
   2.70000     4.30000   110.50387
   2.80000     4.30000   110.33297
   2.90000     4.30000   110.62245
   3.00000     4.30000   110.56109
   3.10000     4.30000   110.52277
   3.20000     4.30000   110.61627
   3.30000     4.30000   110.52268
   3.40000     4.30000   110.71684
   3.50000     4.30000   110.44868
   3.60000     4.30000   110.54700
   3.70000     4.30000   110.47165
   3.80000     4.30000   110.64085
   3.90000     4.30000   110.53696
   4.00000     4.30000   110.67704
   4.10000     4.30000   110.47695
   4.20000     4.30000   110.64328
   4.30000     4.30000   110.63935
   4.40000     4.30000   110.51887
   4.50000     4.30000   110.55035
   4.60000     4.30000   110.75855
   4.70000     4.30000   110.62527
   4.80000     4.30000   110.61269
   4.90000     4.30000   110.67694
   5.00000     4.30000   110.47902
   0.10000     4.40000   110.22733
   0.20000     4.40000   109.71323
   0.30000     4.40000   108.76864
   0.40000     4.40000   106.41500
   0.50000     4.40000   104.18519
   0.60000     4.40000   101.12280
   0.70000     4.40000   100.05769
   0.80000     4.40000   103.87312
   0.90000     4.40000   110.37457
   1.00000     4.40000   111.19173
   1.10000     4.40000   110.64250
   1.20000     4.40000   110.38817
   1.30000     4.40000   110.44627
   1.40000     4.40000   110.73894
   1.50000     4.40000   110.56329
   1.60000     4.40000   110.54222
   1.70000     4.40000   110.51535
   1.80000     4.40000   110.58882
   1.90000     4.40000   110.45759
   2.00000     4.40000   110.54094
   2.10000     4.40000   110.49367
   2.20000     4.40000   110.49959
   2.30000     4.40000   110.50986
   2.40000     4.40000   110.63872
   2.50000     4.40000   110.48621
   2.60000     4.40000   110.48099
   2.70000     4.40000   110.51563
   2.80000     4.40000   110.51671
   2.90000     4.40000   110.52138
   3.00000     4.40000   110.53089
   3.10000     4.40000   110.75520
   3.20000     4.40000   110.64138
   3.30000     4.40000   110.37965
   3.40000     4.40000   110.53020
   3.50000     4.40000   110.41434
   3.60000     4.40000   110.44252
   3.70000     4.40000   110.50871
   3.80000     4.40000   110.61930
   3.90000     4.40000   110.63389
   4.00000     4.40000   110.51408
   4.10000     4.40000   110.57997
   4.20000     4.40000   110.57950
   4.30000     4.40000   110.60458
   4.40000     4.40000   110.71598
   4.50000     4.40000   110.54784
   4.60000     4.40000   110.58672
   4.70000     4.40000   110.56753
   4.80000     4.40000   110.61953
   4.90000     4.40000   110.58207
   5.00000     4.40000   110.47088
   0.10000     4.50000   110.29837
   0.20000     4.50000   110.00801
   0.30000     4.50000   108.41256
   0.40000     4.50000   106.95555
   0.50000     4.50000   103.78300
   0.60000     4.50000   100.99000
   0.70000     4.50000   100.43786
   0.80000     4.50000   104.67858
   0.90000     4.50000   110.78087
   1.00000     4.50000   111.20034
   1.10000     4.50000   110.59189
   1.20000     4.50000   110.47222
   1.30000     4.50000   110.61223
   1.40000     4.50000   110.27910
   1.50000     4.50000   110.60655
   1.60000     4.50000   110.59190
   1.70000     4.50000   110.58554
   1.80000     4.50000   110.58727
   1.90000     4.50000   110.55787
   2.00000     4.50000   110.54255
   2.10000     4.50000   110.48540
   2.20000     4.50000   110.47064
   2.30000     4.50000   110.59841
   2.40000     4.50000   110.51719
   2.50000     4.50000   110.62529
   2.60000     4.50000   110.48907
   2.70000     4.50000   110.57993
   2.80000     4.50000   110.59368
   2.90000     4.50000   110.42279
   3.00000     4.50000   110.72960
   3.10000     4.50000   110.45296
   3.20000     4.50000   110.59121
   3.30000     4.50000   110.69619
   3.40000     4.50000   110.63733
   3.50000     4.50000   110.62530
   3.60000     4.50000   110.49967
   3.70000     4.50000   110.50010
   3.80000     4.50000   110.54241
   3.90000     4.50000   110.59532
   4.00000     4.50000   110.55998
   4.10000     4.50000   110.61356
   4.20000     4.50000   110.53090
   4.30000     4.50000   110.47907
   4.40000     4.50000   110.56130
   4.50000     4.50000   110.74830
   4.60000     4.50000   110.56271
   4.70000     4.50000   110.67100
   4.80000     4.50000   110.72715
   4.90000     4.50000   110.62708
   5.00000     4.50000   110.55663
   0.10000     4.60000   110.15124
   0.20000     4.60000   109.69671
   0.30000     4.60000   108.76130
   0.40000     4.60000   106.86692
   0.50000     4.60000   103.65863
   0.60000     4.60000   100.60501
   0.70000     4.60000   100.62757
   0.80000     4.60000   105.54339
   0.90000     4.60000   110.98586
   1.00000     4.60000   111.17471
   1.10000     4.60000   110.59502
   1.20000     4.60000   110.66068
   1.30000     4.60000   110.56615
   1.40000     4.60000   110.64613
   1.50000     4.60000   110.55479
   1.60000     4.60000   110.77511
   1.70000     4.60000   110.57444
   1.80000     4.60000   110.53721
   1.90000     4.60000   110.71085
   2.00000     4.60000   110.54675
   2.10000     4.60000   110.51391
   2.20000     4.60000   110.72671
   2.30000     4.60000   110.61541
   2.40000     4.60000   110.73861
   2.50000     4.60000   110.56921
   2.60000     4.60000   110.51167
   2.70000     4.60000   110.48713
   2.80000     4.60000   110.61803
   2.90000     4.60000   110.60158
   3.00000     4.60000   110.57516
   3.10000     4.60000   110.67693
   3.20000     4.60000   110.59705
   3.30000     4.60000   110.48674
   3.40000     4.60000   110.65540
   3.50000     4.60000   110.54354
   3.60000     4.60000   110.42842
   3.70000     4.60000   110.30471
   3.80000     4.60000   110.27020
   3.90000     4.60000   110.55127
   4.00000     4.60000   110.57053
   4.10000     4.60000   110.79425
   4.20000     4.60000   110.57405
   4.30000     4.60000   110.60527
   4.40000     4.60000   110.63667
   4.50000     4.60000   110.54509
   4.60000     4.60000   110.61363
   4.70000     4.60000   110.67696
   4.80000     4.60000   110.53833
   4.90000     4.60000   110.53389
   5.00000     4.60000   110.68666
   0.10000     4.70000   110.29382
   0.20000     4.70000   109.60962
   0.30000     4.70000   108.47921
   0.40000     4.70000   106.65179
   0.50000     4.70000   103.25649
   0.60000     4.70000   100.32877
   0.70000     4.70000   101.02523
   0.80000     4.70000   106.38461
   0.90000     4.70000   111.13161
   1.00000     4.70000   111.21645
   1.10000     4.70000   110.52708
   1.20000     4.70000   110.42994
   1.30000     4.70000   110.51531
   1.40000     4.70000   110.62417
   1.50000     4.70000   110.57045
   1.60000     4.70000   110.64850
   1.70000     4.70000   110.43114
   1.80000     4.70000   110.47978
   1.90000     4.70000   110.55529
   2.00000     4.70000   110.52628
   2.10000     4.70000   110.76483
   2.20000     4.70000   110.49968
   2.30000     4.70000   110.70533
   2.40000     4.70000   110.53107
   2.50000     4.70000   110.61476
   2.60000     4.70000   110.46235
   2.70000     4.70000   110.50042
   2.80000     4.70000   110.59756
   2.90000     4.70000   110.59865
   3.00000     4.70000   110.55852
   3.10000     4.70000   110.60816
   3.20000     4.70000   110.53273
   3.30000     4.70000   110.51206
   3.40000     4.70000   110.72473
   3.50000     4.70000   110.55836
   3.60000     4.70000   110.67347
   3.70000     4.70000   110.44841
   3.80000     4.70000   110.48322
   3.90000     4.70000   110.52162
   4.00000     4.70000   110.66032
   4.10000     4.70000   110.40427
   4.20000     4.70000   110.62145
   4.30000     4.70000   110.60579
   4.40000     4.70000   110.47939
   4.50000     4.70000   110.63353
   4.60000     4.70000   110.48136
   4.70000     4.70000   110.53540
   4.80000     4.70000   110.53285
   4.90000     4.70000   110.56809
   5.00000     4.70000   110.58545
   0.10000     4.80000   110.13207
   0.20000     4.80000   109.47135
   0.30000     4.80000   108.27701
   0.40000     4.80000   106.10102
   0.50000     4.80000   103.07626
   0.60000     4.80000   100.53499
   0.70000     4.80000   100.99534
   0.80000     4.80000   106.99431
   0.90000     4.80000   111.11748
   1.00000     4.80000   111.15209
   1.10000     4.80000   110.60781
   1.20000     4.80000   110.48247
   1.30000     4.80000   110.58084
   1.40000     4.80000   110.62379
   1.50000     4.80000   110.43828
   1.60000     4.80000   110.56392
   1.70000     4.80000   110.74166
   1.80000     4.80000   110.55142
   1.90000     4.80000   110.60019
   2.00000     4.80000   110.54951
   2.10000     4.80000   110.46005
   2.20000     4.80000   110.44635
   2.30000     4.80000   110.31282
   2.40000     4.80000   110.57362
   2.50000     4.80000   110.56493
   2.60000     4.80000   110.67227
   2.70000     4.80000   110.56007
   2.80000     4.80000   110.38829
   2.90000     4.80000   110.46936
   3.00000     4.80000   110.62521
   3.10000     4.80000   110.39808
   3.20000     4.80000   110.67427
   3.30000     4.80000   110.70903
   3.40000     4.80000   110.37411
   3.50000     4.80000   110.64455
   3.60000     4.80000   110.43681
   3.70000     4.80000   110.46065
   3.80000     4.80000   110.68579
   3.90000     4.80000   110.61012
   4.00000     4.80000   110.39305
   4.10000     4.80000   110.63186
   4.20000     4.80000   110.64720
   4.30000     4.80000   110.44499
   4.40000     4.80000   110.51486
   4.50000     4.80000   110.71206
   4.60000     4.80000   110.67037
   4.70000     4.80000   110.58078
   4.80000     4.80000   110.50582
   4.90000     4.80000   110.58029
   5.00000     4.80000   110.48238
   0.10000     4.90000   110.13198
   0.20000     4.90000   109.75378
   0.30000     4.90000   108.55607
   0.40000     4.90000   106.23541
   0.50000     4.90000   102.37355
   0.60000     4.90000   100.17894
   0.70000     4.90000   101.44336
   0.80000     4.90000   107.49082
   0.90000     4.90000   111.12174
   1.00000     4.90000   111.30168
   1.10000     4.90000   110.55065
   1.20000     4.90000   110.54879
   1.30000     4.90000   110.81375
   1.40000     4.90000   110.56136
   1.50000     4.90000   110.73856
   1.60000     4.90000   110.62915
   1.70000     4.90000   110.67222
   1.80000     4.90000   110.64173
   1.90000     4.90000   110.55371
   2.00000     4.90000   110.56499
   2.10000     4.90000   110.59826
   2.20000     4.90000   110.60121
   2.30000     4.90000   110.43627
   2.40000     4.90000   110.41567
   2.50000     4.90000   110.53127
   2.60000     4.90000   110.54576
   2.70000     4.90000   110.52328
   2.80000     4.90000   110.50082
   2.90000     4.90000   110.58414
   3.00000     4.90000   110.55365
   3.10000     4.90000   110.64810
   3.20000     4.90000   110.86753
   3.30000     4.90000   110.45760
   3.40000     4.90000   110.59004
   3.50000     4.90000   110.44504
   3.60000     4.90000   110.52324
   3.70000     4.90000   110.72686
   3.80000     4.90000   110.47527
   3.90000     4.90000   110.58694
   4.00000     4.90000   110.68881
   4.10000     4.90000   110.78915
   4.20000     4.90000   110.57648
   4.30000     4.90000   110.56711
   4.40000     4.90000   110.57111
   4.50000     4.90000   110.62882
   4.60000     4.90000   110.45687
   4.70000     4.90000   110.56423
   4.80000     4.90000   110.60333
   4.90000     4.90000   110.74922
   5.00000     4.90000   110.54060
   0.10000     5.00000   110.09503
   0.20000     5.00000   109.66083
   0.30000     5.00000   108.63407
   0.40000     5.00000   106.02645
   0.50000     5.00000   102.42198
   0.60000     5.00000   100.08848
   0.70000     5.00000   101.76167
   0.80000     5.00000   108.76220
   0.90000     5.00000   111.21270
   1.00000     5.00000   111.24974
   1.10000     5.00000   110.59296
   1.20000     5.00000   110.47017
   1.30000     5.00000   110.58133
   1.40000     5.00000   110.37742
   1.50000     5.00000   110.69664
   1.60000     5.00000   110.58515
   1.70000     5.00000   110.74300
   1.80000     5.00000   110.58445
   1.90000     5.00000   110.53267
   2.00000     5.00000   110.41480
   2.10000     5.00000   110.54192
   2.20000     5.00000   110.46311
   2.30000     5.00000   110.59123
   2.40000     5.00000   110.59279
   2.50000     5.00000   110.65896
   2.60000     5.00000   110.52626
   2.70000     5.00000   110.56582
   2.80000     5.00000   110.73057
   2.90000     5.00000   110.81957
   3.00000     5.00000   110.58995
   3.10000     5.00000   110.72192
   3.20000     5.00000   110.59194
   3.30000     5.00000   110.56330
   3.40000     5.00000   110.47527
   3.50000     5.00000   110.43085
   3.60000     5.00000   110.60532
   3.70000     5.00000   110.65498
   3.80000     5.00000   110.51651
   3.90000     5.00000   110.62998
   4.00000     5.00000   110.59850
   4.10000     5.00000   110.56107
   4.20000     5.00000   110.48829
   4.30000     5.00000   110.41945
   4.40000     5.00000   110.74148
   4.50000     5.00000   110.47342
   4.60000     5.00000   110.45708
   4.70000     5.00000   110.38725
   4.80000     5.00000   110.60752
   4.90000     5.00000   110.54487
   5.00000     5.00000   110.38846
