#     r         beta        Ep   
   0.10000     0.10000   186.28054
   0.20000     0.10000   186.45064
   0.30000     0.10000   186.49440
   0.40000     0.10000   186.36761
   0.50000     0.10000   186.72561
   0.60000     0.10000   186.61657
   0.70000     0.10000   185.81667
   0.80000     0.10000   186.10785
   0.90000     0.10000   186.18702
   1.00000     0.10000   186.47134
   1.10000     0.10000   186.38522
   1.20000     0.10000   186.35852
   1.30000     0.10000   186.60095
   1.40000     0.10000   186.69950
   1.50000     0.10000   186.78091
   1.60000     0.10000   186.50631
   1.70000     0.10000   185.73689
   1.80000     0.10000   186.39086
   1.90000     0.10000   185.81178
   2.00000     0.10000   186.39487
   2.10000     0.10000   185.61750
   2.20000     0.10000   186.53738
   2.30000     0.10000   185.61479
   2.40000     0.10000   186.32276
   2.50000     0.10000   185.95451
   2.60000     0.10000   186.19890
   2.70000     0.10000   185.74398
   2.80000     0.10000   186.02697
   2.90000     0.10000   186.11226
   3.00000     0.10000   186.19159
   3.10000     0.10000   186.33334
   3.20000     0.10000   185.97667
   3.30000     0.10000   185.78843
   3.40000     0.10000   185.97733
   3.50000     0.10000   186.17110
   3.60000     0.10000   186.25174
   3.70000     0.10000   185.76125
   3.80000     0.10000   186.35089
   3.90000     0.10000   186.76086
   4.00000     0.10000   186.62167
   4.10000     0.10000   186.64152
   4.20000     0.10000   185.98775
   4.30000     0.10000   186.13897
   4.40000     0.10000   186.07952
   4.50000     0.10000   186.77601
   4.60000     0.10000   186.22574
   4.70000     0.10000   186.54420
   4.80000     0.10000   186.38675
   4.90000     0.10000   186.08271
   5.00000     0.10000   186.56176
   0.10000     0.20000   186.62904
   0.20000     0.20000   185.75368
   0.30000     0.20000   186.14212
   0.40000     0.20000   186.46900
   0.50000     0.20000   186.30997
   0.60000     0.20000   186.13124
   0.70000     0.20000   186.65075
   0.80000     0.20000   186.12243
   0.90000     0.20000   185.55202
   1.00000     0.20000   186.23800
   1.10000     0.20000   186.03228
   1.20000     0.20000   186.67789
   1.30000     0.20000   186.65704
   1.40000     0.20000   186.28752
   1.50000     0.20000   185.64479
   1.60000     0.20000   186.41427
   1.70000     0.20000   186.18758
   1.80000     0.20000   186.29733
   1.90000     0.20000   185.92403
   2.00000     0.20000   186.46110
   2.10000     0.20000   186.54378
   2.20000     0.20000   186.13333
   2.30000     0.20000   186.51310
   2.40000     0.20000   185.89799
   2.50000     0.20000   186.40276
   2.60000     0.20000   185.70214
   2.70000     0.20000   186.16171
   2.80000     0.20000   185.86799
   2.90000     0.20000   186.27039
   3.00000     0.20000   186.29620
   3.10000     0.20000   186.55941
   3.20000     0.20000   186.65380
   3.30000     0.20000   185.95984
   3.40000     0.20000   186.94042
   3.50000     0.20000   186.55509
   3.60000     0.20000   186.74641
   3.70000     0.20000   186.53699
   3.80000     0.20000   186.40927
   3.90000     0.20000   186.69401
   4.00000     0.20000   185.40543
   4.10000     0.20000   185.94354
   4.20000     0.20000   186.74832
   4.30000     0.20000   185.68617
   4.40000     0.20000   186.57069
   4.50000     0.20000   186.20039
   4.60000     0.20000   185.93161
   4.70000     0.20000   186.43495
   4.80000     0.20000   186.88765
   4.90000     0.20000   186.98900
   5.00000     0.20000   185.42235
   0.10000     0.30000   186.32563
   0.20000     0.30000   186.03341
   0.30000     0.30000   186.28827
   0.40000     0.30000   186.23766
   0.50000     0.30000   186.89369
   0.60000     0.30000   186.73694
   0.70000     0.30000   185.46123
   0.80000     0.30000   186.51560
   0.90000     0.30000   186.60787
   1.00000     0.30000   186.45065
   1.10000     0.30000   186.56147
   1.20000     0.30000   186.65751
   1.30000     0.30000   186.19145
   1.40000     0.30000   185.57377
   1.50000     0.30000   186.25829
   1.60000     0.30000   185.35342
   1.70000     0.30000   185.89474
   1.80000     0.30000   186.34990
   1.90000     0.30000   186.56532
   2.00000     0.30000   186.36785
   2.10000     0.30000   186.73280
   2.20000     0.30000   186.63908
   2.30000     0.30000   186.30523
   2.40000     0.30000   186.19327
   2.50000     0.30000   186.18251
   2.60000     0.30000   185.80149
   2.70000     0.30000   186.38667
   2.80000     0.30000   186.39697
   2.90000     0.30000   186.96341
   3.00000     0.30000   186.07309
   3.10000     0.30000   186.51584
   3.20000     0.30000   186.24938
   3.30000     0.30000   186.57636
   3.40000     0.30000   186.18591
   3.50000     0.30000   185.19024
   3.60000     0.30000   186.03714
   3.70000     0.30000   186.53441
   3.80000     0.30000   186.27481
   3.90000     0.30000   186.74830
   4.00000     0.30000   186.69191
   4.10000     0.30000   186.61424
   4.20000     0.30000   187.10434
   4.30000     0.30000   185.45010
   4.40000     0.30000   186.49489
   4.50000     0.30000   186.87309
   4.60000     0.30000   185.74769
   4.70000     0.30000   186.08814
   4.80000     0.30000   186.70438
   4.90000     0.30000   186.02625
   5.00000     0.30000   186.43358
   0.10000     0.40000   185.83217
   0.20000     0.40000   185.45034
   0.30000     0.40000   186.33408
   0.40000     0.40000   185.63080
   0.50000     0.40000   186.04459
   0.60000     0.40000   185.77957
   0.70000     0.40000   186.29458
   0.80000     0.40000   186.79784
   0.90000     0.40000   186.63357
   1.00000     0.40000   186.50223
   1.10000     0.40000   185.88685
   1.20000     0.40000   186.11851
   1.30000     0.40000   186.44961
   1.40000     0.40000   186.28169
   1.50000     0.40000   187.01399
   1.60000     0.40000   186.29081
   1.70000     0.40000   186.26254
   1.80000     0.40000   186.76459
   1.90000     0.40000   186.05666
   2.00000     0.40000   186.11073
   2.10000     0.40000   185.90985
   2.20000     0.40000   186.76363
   2.30000     0.40000   186.25387
   2.40000     0.40000   186.72994
   2.50000     0.40000   186.46102
   2.60000     0.40000   186.17337
   2.70000     0.40000   185.93915
   2.80000     0.40000   187.04208
   2.90000     0.40000   186.06212
   3.00000     0.40000   186.57776
   3.10000     0.40000   186.67893
   3.20000     0.40000   186.61226
   3.30000     0.40000   186.10468
   3.40000     0.40000   185.91716
   3.50000     0.40000   186.34912
   3.60000     0.40000   186.24376
   3.70000     0.40000   186.76820
   3.80000     0.40000   186.73815
   3.90000     0.40000   186.64460
   4.00000     0.40000   186.29143
   4.10000     0.40000   186.04839
   4.20000     0.40000   186.09321
   4.30000     0.40000   186.22102
   4.40000     0.40000   187.11349
   4.50000     0.40000   186.34356
   4.60000     0.40000   186.77051
   4.70000     0.40000   186.10058
   4.80000     0.40000   185.55108
   4.90000     0.40000   185.79022
   5.00000     0.40000   186.13277
   0.10000     0.50000   185.46407
   0.20000     0.50000   185.28375
   0.30000     0.50000   185.14832
   0.40000     0.50000   185.18037
   0.50000     0.50000   185.81299
   0.60000     0.50000   186.03808
   0.70000     0.50000   185.93953
   0.80000     0.50000   185.88202
   0.90000     0.50000   185.75465
   1.00000     0.50000   186.74620
   1.10000     0.50000   186.13279
   1.20000     0.50000   186.14588
   1.30000     0.50000   186.57056
   1.40000     0.50000   186.26694
   1.50000     0.50000   186.13058
   1.60000     0.50000   186.46964
   1.70000     0.50000   186.34577
   1.80000     0.50000   185.86962
   1.90000     0.50000   186.45661
   2.00000     0.50000   186.05411
   2.10000     0.50000   187.03153
   2.20000     0.50000   185.81393
   2.30000     0.50000   185.78599
   2.40000     0.50000   185.83683
   2.50000     0.50000   186.01716
   2.60000     0.50000   186.13950
   2.70000     0.50000   186.18851
   2.80000     0.50000   186.41197
   2.90000     0.50000   186.06697
   3.00000     0.50000   186.20997
   3.10000     0.50000   186.24956
   3.20000     0.50000   186.20204
   3.30000     0.50000   185.94703
   3.40000     0.50000   185.92944
   3.50000     0.50000   185.64615
   3.60000     0.50000   185.77845
   3.70000     0.50000   186.02178
   3.80000     0.50000   186.61489
   3.90000     0.50000   186.28290
   4.00000     0.50000   186.34210
   4.10000     0.50000   186.02682
   4.20000     0.50000   186.01105
   4.30000     0.50000   186.06333
   4.40000     0.50000   185.73934
   4.50000     0.50000   186.37349
   4.60000     0.50000   185.99742
   4.70000     0.50000   186.49519
   4.80000     0.50000   186.32737
   4.90000     0.50000   186.17675
   5.00000     0.50000   186.13283
   0.10000     0.60000   185.04956
   0.20000     0.60000   183.21780
   0.30000     0.60000   183.25784
   0.40000     0.60000   183.71993
   0.50000     0.60000   184.34908
   0.60000     0.60000   185.59760
   0.70000     0.60000   185.87516
   0.80000     0.60000   186.54472
   0.90000     0.60000   185.95191
   1.00000     0.60000   186.28672
   1.10000     0.60000   186.17756
   1.20000     0.60000   186.24030
   1.30000     0.60000   186.17253
   1.40000     0.60000   186.85623
   1.50000     0.60000   186.63228
   1.60000     0.60000   186.62683
   1.70000     0.60000   187.00049
   1.80000     0.60000   185.54026
   1.90000     0.60000   186.39534
   2.00000     0.60000   186.02149
   2.10000     0.60000   185.92504
   2.20000     0.60000   185.83322
   2.30000     0.60000   186.14228
   2.40000     0.60000   186.81410
   2.50000     0.60000   186.40831
   2.60000     0.60000   186.06349
   2.70000     0.60000   186.35094
   2.80000     0.60000   186.71047
   2.90000     0.60000   186.59691
   3.00000     0.60000   186.54330
   3.10000     0.60000   186.26085
   3.20000     0.60000   186.43344
   3.30000     0.60000   185.82049
   3.40000     0.60000   186.71354
   3.50000     0.60000   185.56238
   3.60000     0.60000   185.46150
   3.70000     0.60000   186.16279
   3.80000     0.60000   186.25228
   3.90000     0.60000   186.30489
   4.00000     0.60000   186.68052
   4.10000     0.60000   185.79455
   4.20000     0.60000   186.55299
   4.30000     0.60000   186.40625
   4.40000     0.60000   186.86979
   4.50000     0.60000   185.96202
   4.60000     0.60000   186.36383
   4.70000     0.60000   185.99890
   4.80000     0.60000   186.20767
   4.90000     0.60000   185.98890
   5.00000     0.60000   186.33729
   0.10000     0.70000   185.30564
   0.20000     0.70000   182.83206
   0.30000     0.70000   179.81180
   0.40000     0.70000   179.79334
   0.50000     0.70000   182.81643
   0.60000     0.70000   184.65839
   0.70000     0.70000   185.03511
   0.80000     0.70000   186.00904
   0.90000     0.70000   186.32396
   1.00000     0.70000   186.04760
   1.10000     0.70000   186.32447
   1.20000     0.70000   186.12853
   1.30000     0.70000   185.94122
   1.40000     0.70000   186.50437
   1.50000     0.70000   186.44135
   1.60000     0.70000   186.41594
   1.70000     0.70000   185.89548
   1.80000     0.70000   186.47427
   1.90000     0.70000   186.12301
   2.00000     0.70000   185.75183
   2.10000     0.70000   186.59454
   2.20000     0.70000   186.09088
   2.30000     0.70000   185.97322
   2.40000     0.70000   186.46861
   2.50000     0.70000   186.61291
   2.60000     0.70000   186.36974
   2.70000     0.70000   185.80325
   2.80000     0.70000   186.21868
   2.90000     0.70000   186.26638
   3.00000     0.70000   186.75716
   3.10000     0.70000   186.18587
   3.20000     0.70000   186.35297
   3.30000     0.70000   186.05484
   3.40000     0.70000   186.08899
   3.50000     0.70000   186.21653
   3.60000     0.70000   186.07378
   3.70000     0.70000   186.42153
   3.80000     0.70000   186.29427
   3.90000     0.70000   185.98675
   4.00000     0.70000   186.80912
   4.10000     0.70000   185.68349
   4.20000     0.70000   186.03608
   4.30000     0.70000   185.99644
   4.40000     0.70000   185.58056
   4.50000     0.70000   185.62344
   4.60000     0.70000   186.27690
   4.70000     0.70000   186.05625
   4.80000     0.70000   185.73009
   4.90000     0.70000   187.08014
   5.00000     0.70000   186.45169
   0.10000     0.80000   185.06336
   0.20000     0.80000   184.21617
   0.30000     0.80000   183.61524
   0.40000     0.80000   182.15427
   0.50000     0.80000   177.37165
   0.60000     0.80000   182.45839
   0.70000     0.80000   185.56373
   0.80000     0.80000   185.71920
   0.90000     0.80000   185.80231
   1.00000     0.80000   186.26069
   1.10000     0.80000   186.16542
   1.20000     0.80000   186.27605
   1.30000     0.80000   186.36760
   1.40000     0.80000   186.25192
   1.50000     0.80000   185.92531
   1.60000     0.80000   186.44140
   1.70000     0.80000   186.40645
   1.80000     0.80000   186.36772
   1.90000     0.80000   186.25142
   2.00000     0.80000   186.31469
   2.10000     0.80000   186.16545
   2.20000     0.80000   186.13131
   2.30000     0.80000   185.99611
   2.40000     0.80000   186.20533
   2.50000     0.80000   186.55818
   2.60000     0.80000   187.01561
   2.70000     0.80000   186.16724
   2.80000     0.80000   186.59337
   2.90000     0.80000   185.79831
   3.00000     0.80000   186.54135
   3.10000     0.80000   185.94514
   3.20000     0.80000   186.55751
   3.30000     0.80000   186.57845
   3.40000     0.80000   186.19284
   3.50000     0.80000   186.00132
   3.60000     0.80000   186.94557
   3.70000     0.80000   186.29076
   3.80000     0.80000   186.81040
   3.90000     0.80000   185.63115
   4.00000     0.80000   186.80451
   4.10000     0.80000   186.48292
   4.20000     0.80000   186.10058
   4.30000     0.80000   186.60213
   4.40000     0.80000   186.16692
   4.50000     0.80000   185.74528
   4.60000     0.80000   186.46342
   4.70000     0.80000   186.30814
   4.80000     0.80000   186.57210
   4.90000     0.80000   186.12876
   5.00000     0.80000   185.97607
   0.10000     0.90000   185.65499
   0.20000     0.90000   184.85072
   0.30000     0.90000   183.76058
   0.40000     0.90000   182.29443
   0.50000     0.90000   181.28416
   0.60000     0.90000   179.33795
   0.70000     0.90000   182.67851
   0.80000     0.90000   185.58062
   0.90000     0.90000   186.78110
   1.00000     0.90000   185.87486
   1.10000     0.90000   186.47458
   1.20000     0.90000   186.91142
   1.30000     0.90000   186.38541
   1.40000     0.90000   185.97078
   1.50000     0.90000   185.61603
   1.60000     0.90000   185.68049
   1.70000     0.90000   186.17372
   1.80000     0.90000   186.24207
   1.90000     0.90000   185.68216
   2.00000     0.90000   186.50490
   2.10000     0.90000   186.93007
   2.20000     0.90000   186.60994
   2.30000     0.90000   186.67876
   2.40000     0.90000   186.65325
   2.50000     0.90000   186.07153
   2.60000     0.90000   186.29960
   2.70000     0.90000   186.16698
   2.80000     0.90000   186.39364
   2.90000     0.90000   186.99914
   3.00000     0.90000   186.43752
   3.10000     0.90000   186.70036
   3.20000     0.90000   186.78604
   3.30000     0.90000   186.31858
   3.40000     0.90000   185.97819
   3.50000     0.90000   186.87847
   3.60000     0.90000   185.94019
   3.70000     0.90000   185.63806
   3.80000     0.90000   186.09751
   3.90000     0.90000   186.18617
   4.00000     0.90000   186.53289
   4.10000     0.90000   186.39603
   4.20000     0.90000   185.12422
   4.30000     0.90000   186.51802
   4.40000     0.90000   185.80298
   4.50000     0.90000   186.37280
   4.60000     0.90000   186.72254
   4.70000     0.90000   185.88596
   4.80000     0.90000   186.33156
   4.90000     0.90000   186.44917
   5.00000     0.90000   186.44529
   0.10000     1.00000   185.91147
   0.20000     1.00000   184.04701
   0.30000     1.00000   184.09408
   0.40000     1.00000   182.51505
   0.50000     1.00000   181.15546
   0.60000     1.00000   179.68452
   0.70000     1.00000   177.84252
   0.80000     1.00000   184.33263
   0.90000     1.00000   186.51325
   1.00000     1.00000   186.43395
   1.10000     1.00000   186.01859
   1.20000     1.00000   186.49643
   1.30000     1.00000   186.75134
   1.40000     1.00000   185.99444
   1.50000     1.00000   185.75865
   1.60000     1.00000   186.04082
   1.70000     1.00000   186.37376
   1.80000     1.00000   186.30751
   1.90000     1.00000   186.53914
   2.00000     1.00000   186.17389
   2.10000     1.00000   186.11416
   2.20000     1.00000   185.51846
   2.30000     1.00000   187.03704
   2.40000     1.00000   186.58927
   2.50000     1.00000   186.28925
   2.60000     1.00000   187.00348
   2.70000     1.00000   186.31309
   2.80000     1.00000   186.15128
   2.90000     1.00000   186.31831
   3.00000     1.00000   185.50858
   3.10000     1.00000   186.39286
   3.20000     1.00000   186.41569
   3.30000     1.00000   186.24548
   3.40000     1.00000   186.02370
   3.50000     1.00000   186.27629
   3.60000     1.00000   186.63094
   3.70000     1.00000   185.69966
   3.80000     1.00000   186.47980
   3.90000     1.00000   186.25177
   4.00000     1.00000   186.53971
   4.10000     1.00000   185.81572
   4.20000     1.00000   186.08910
   4.30000     1.00000   186.49347
   4.40000     1.00000   186.25688
   4.50000     1.00000   186.61601
   4.60000     1.00000   186.20740
   4.70000     1.00000   185.65473
   4.80000     1.00000   185.89418
   4.90000     1.00000   186.41478
   5.00000     1.00000   185.89221
   0.10000     1.10000   185.79695
   0.20000     1.10000   185.17085
   0.30000     1.10000   183.52041
   0.40000     1.10000   181.97473
   0.50000     1.10000   180.95869
   0.60000     1.10000   179.13458
   0.70000     1.10000   177.55863
   0.80000     1.10000   175.52382
   0.90000     1.10000   185.88716
   1.00000     1.10000   186.37415
   1.10000     1.10000   185.90557
   1.20000     1.10000   186.10687
   1.30000     1.10000   186.26107
   1.40000     1.10000   186.00159
   1.50000     1.10000   186.58791
   1.60000     1.10000   186.38766
   1.70000     1.10000   186.04968
   1.80000     1.10000   186.35181
   1.90000     1.10000   186.63784
   2.00000     1.10000   186.39904
   2.10000     1.10000   185.86100
   2.20000     1.10000   186.06934
   2.30000     1.10000   185.78914
   2.40000     1.10000   186.49573
   2.50000     1.10000   186.23099
   2.60000     1.10000   185.61905
   2.70000     1.10000   186.58658
   2.80000     1.10000   186.68941
   2.90000     1.10000   186.43161
   3.00000     1.10000   186.79934
   3.10000     1.10000   186.64492
   3.20000     1.10000   186.73794
   3.30000     1.10000   186.16622
   3.40000     1.10000   186.26740
   3.50000     1.10000   185.83618
   3.60000     1.10000   185.82112
   3.70000     1.10000   186.68174
   3.80000     1.10000   186.15920
   3.90000     1.10000   186.56428
   4.00000     1.10000   186.63517
   4.10000     1.10000   186.37099
   4.20000     1.10000   186.20239
   4.30000     1.10000   185.73011
   4.40000     1.10000   186.24613
   4.50000     1.10000   186.64519
   4.60000     1.10000   185.83772
   4.70000     1.10000   185.72859
   4.80000     1.10000   186.62265
   4.90000     1.10000   185.45529
   5.00000     1.10000   186.35409
   0.10000     1.20000   184.97783
   0.20000     1.20000   184.00211
   0.30000     1.20000   183.24354
   0.40000     1.20000   182.26276
   0.50000     1.20000   180.77916
   0.60000     1.20000   179.06827
   0.70000     1.20000   176.43605
   0.80000     1.20000   175.05990
   0.90000     1.20000   185.62487
   1.00000     1.20000   186.03584
   1.10000     1.20000   186.02707
   1.20000     1.20000   186.57534
   1.30000     1.20000   185.83422
   1.40000     1.20000   185.83133
   1.50000     1.20000   186.45572
   1.60000     1.20000   185.89180
   1.70000     1.20000   186.68888
   1.80000     1.20000   185.99597
   1.90000     1.20000   186.19461
   2.00000     1.20000   186.51623
   2.10000     1.20000   187.07674
   2.20000     1.20000   186.08563
   2.30000     1.20000   186.06846
   2.40000     1.20000   186.81859
   2.50000     1.20000   186.70384
   2.60000     1.20000   186.67980
   2.70000     1.20000   186.40437
   2.80000     1.20000   186.17141
   2.90000     1.20000   186.10832
   3.00000     1.20000   186.31775
   3.10000     1.20000   186.57468
   3.20000     1.20000   185.91002
   3.30000     1.20000   186.18661
   3.40000     1.20000   186.62880
   3.50000     1.20000   186.60930
   3.60000     1.20000   185.89750
   3.70000     1.20000   186.16423
   3.80000     1.20000   186.10864
   3.90000     1.20000   186.04053
   4.00000     1.20000   186.14309
   4.10000     1.20000   186.06659
   4.20000     1.20000   186.16163
   4.30000     1.20000   185.74173
   4.40000     1.20000   186.41710
   4.50000     1.20000   185.66532
   4.60000     1.20000   186.40259
   4.70000     1.20000   186.52062
   4.80000     1.20000   185.97220
   4.90000     1.20000   186.24164
   5.00000     1.20000   186.09112
   0.10000     1.30000   185.10357
   0.20000     1.30000   183.82691
   0.30000     1.30000   182.92004
   0.40000     1.30000   181.89912
   0.50000     1.30000   179.93813
   0.60000     1.30000   178.43788
   0.70000     1.30000   176.30597
   0.80000     1.30000   174.23088
   0.90000     1.30000   172.41577
   1.00000     1.30000   186.87317
   1.10000     1.30000   186.53270
   1.20000     1.30000   186.72214
   1.30000     1.30000   186.25726
   1.40000     1.30000   186.06012
   1.50000     1.30000   186.50794
   1.60000     1.30000   186.66267
   1.70000     1.30000   186.11373
   1.80000     1.30000   185.79848
   1.90000     1.30000   186.07964
   2.00000     1.30000   185.77666
   2.10000     1.30000   186.31816
   2.20000     1.30000   185.94939
   2.30000     1.30000   186.06607
   2.40000     1.30000   186.28212
   2.50000     1.30000   186.09998
   2.60000     1.30000   186.46824
   2.70000     1.30000   186.47644
   2.80000     1.30000   186.36799
   2.90000     1.30000   185.67969
   3.00000     1.30000   186.06130
   3.10000     1.30000   186.14974
   3.20000     1.30000   186.61103
   3.30000     1.30000   186.18530
   3.40000     1.30000   186.32987
   3.50000     1.30000   186.07513
   3.60000     1.30000   186.21824
   3.70000     1.30000   185.91590
   3.80000     1.30000   185.84193
   3.90000     1.30000   186.17709
   4.00000     1.30000   185.54264
   4.10000     1.30000   186.15536
   4.20000     1.30000   186.02266
   4.30000     1.30000   186.65943
   4.40000     1.30000   185.85450
   4.50000     1.30000   186.05576
   4.60000     1.30000   186.17204
   4.70000     1.30000   185.89947
   4.80000     1.30000   185.29494
   4.90000     1.30000   186.09843
   5.00000     1.30000   186.24294
   0.10000     1.40000   185.09644
   0.20000     1.40000   183.65339
   0.30000     1.40000   183.05749
   0.40000     1.40000   181.18872
   0.50000     1.40000   180.18770
   0.60000     1.40000   177.68395
   0.70000     1.40000   176.29713
   0.80000     1.40000   173.58363
   0.90000     1.40000   171.69620
   1.00000     1.40000   185.35152
   1.10000     1.40000   186.05744
   1.20000     1.40000   185.49769
   1.30000     1.40000   186.59534
   1.40000     1.40000   186.07459
   1.50000     1.40000   186.16287
   1.60000     1.40000   186.80829
   1.70000     1.40000   186.42887
   1.80000     1.40000   185.86428
   1.90000     1.40000   186.38832
   2.00000     1.40000   186.24406
   2.10000     1.40000   186.63324
   2.20000     1.40000   186.35140
   2.30000     1.40000   186.65164
   2.40000     1.40000   186.99219
   2.50000     1.40000   186.14243
   2.60000     1.40000   186.09600
   2.70000     1.40000   185.82586
   2.80000     1.40000   185.72057
   2.90000     1.40000   185.74831
   3.00000     1.40000   186.09906
   3.10000     1.40000   186.00564
   3.20000     1.40000   186.74717
   3.30000     1.40000   186.34312
   3.40000     1.40000   186.33387
   3.50000     1.40000   186.52642
   3.60000     1.40000   187.03999
   3.70000     1.40000   186.23082
   3.80000     1.40000   186.21341
   3.90000     1.40000   185.50272
   4.00000     1.40000   186.88630
   4.10000     1.40000   186.20794
   4.20000     1.40000   186.64181
   4.30000     1.40000   186.38922
   4.40000     1.40000   186.33952
   4.50000     1.40000   185.88492
   4.60000     1.40000   186.43883
   4.70000     1.40000   186.68886
   4.80000     1.40000   185.68731
   4.90000     1.40000   186.01272
   5.00000     1.40000   186.24845
   0.10000     1.50000   185.90747
   0.20000     1.50000   184.17833
   0.30000     1.50000   182.94220
   0.40000     1.50000   181.24313
   0.50000     1.50000   179.26256
   0.60000     1.50000   177.25309
   0.70000     1.50000   174.95629
   0.80000     1.50000   172.64012
   0.90000     1.50000   171.38983
   1.00000     1.50000   185.91890
   1.10000     1.50000   185.97030
   1.20000     1.50000   185.97344
   1.30000     1.50000   186.46031
   1.40000     1.50000   186.03904
   1.50000     1.50000   186.97878
   1.60000     1.50000   186.10129
   1.70000     1.50000   186.51000
   1.80000     1.50000   186.22148
   1.90000     1.50000   186.36176
   2.00000     1.50000   186.52629
   2.10000     1.50000   186.61531
   2.20000     1.50000   186.63867
   2.30000     1.50000   185.91541
   2.40000     1.50000   186.59778
   2.50000     1.50000   186.17482
   2.60000     1.50000   186.21741
   2.70000     1.50000   186.57944
   2.80000     1.50000   186.27930
   2.90000     1.50000   186.16498
   3.00000     1.50000   186.04850
   3.10000     1.50000   185.96249
   3.20000     1.50000   186.43475
   3.30000     1.50000   186.31447
   3.40000     1.50000   186.04286
   3.50000     1.50000   186.28124
   3.60000     1.50000   186.32953
   3.70000     1.50000   186.20479
   3.80000     1.50000   186.22139
   3.90000     1.50000   186.08224
   4.00000     1.50000   186.67019
   4.10000     1.50000   185.95114
   4.20000     1.50000   186.27073
   4.30000     1.50000   186.98511
   4.40000     1.50000   186.22923
   4.50000     1.50000   186.23496
   4.60000     1.50000   186.38082
   4.70000     1.50000   186.94044
   4.80000     1.50000   185.94107
   4.90000     1.50000   186.17429
   5.00000     1.50000   186.78796
   0.10000     1.60000   185.34549
   0.20000     1.60000   183.66241
   0.30000     1.60000   182.68199
   0.40000     1.60000   180.37969
   0.50000     1.60000   178.85532
   0.60000     1.60000   176.71806
   0.70000     1.60000   174.19266
   0.80000     1.60000   172.86128
   0.90000     1.60000   171.17790
   1.00000     1.60000   187.04050
   1.10000     1.60000   185.62118
   1.20000     1.60000   185.86251
   1.30000     1.60000   186.28116
   1.40000     1.60000   186.18771
   1.50000     1.60000   186.28496
   1.60000     1.60000   185.84419
   1.70000     1.60000   185.45018
   1.80000     1.60000   186.46152
   1.90000     1.60000   186.36516
   2.00000     1.60000   186.68294
   2.10000     1.60000   186.09053
   2.20000     1.60000   186.83343
   2.30000     1.60000   186.10917
   2.40000     1.60000   186.58817
   2.50000     1.60000   186.08755
   2.60000     1.60000   186.45549
   2.70000     1.60000   185.87874
   2.80000     1.60000   185.76181
   2.90000     1.60000   185.83370
   3.00000     1.60000   186.32455
   3.10000     1.60000   186.04560
   3.20000     1.60000   186.36484
   3.30000     1.60000   186.04900
   3.40000     1.60000   186.20734
   3.50000     1.60000   185.81283
   3.60000     1.60000   185.59804
   3.70000     1.60000   186.69500
   3.80000     1.60000   186.30038
   3.90000     1.60000   186.48210
   4.00000     1.60000   186.38308
   4.10000     1.60000   185.56585
   4.20000     1.60000   185.80030
   4.30000     1.60000   186.63216
   4.40000     1.60000   185.35424
   4.50000     1.60000   186.12029
   4.60000     1.60000   185.77052
   4.70000     1.60000   185.95961
   4.80000     1.60000   186.11198
   4.90000     1.60000   185.99969
   5.00000     1.60000   186.94957
   0.10000     1.70000   184.83458
   0.20000     1.70000   184.01341
   0.30000     1.70000   181.90464
   0.40000     1.70000   180.02779
   0.50000     1.70000   179.14307
   0.60000     1.70000   176.01248
   0.70000     1.70000   174.17409
   0.80000     1.70000   173.20504
   0.90000     1.70000   170.69803
   1.00000     1.70000   186.32860
   1.10000     1.70000   186.24286
   1.20000     1.70000   186.40761
   1.30000     1.70000   185.95331
   1.40000     1.70000   186.30983
   1.50000     1.70000   185.97164
   1.60000     1.70000   186.25462
   1.70000     1.70000   185.84238
   1.80000     1.70000   186.58493
   1.90000     1.70000   186.12851
   2.00000     1.70000   186.34434
   2.10000     1.70000   186.82549
   2.20000     1.70000   186.20371
   2.30000     1.70000   186.59763
   2.40000     1.70000   186.22209
   2.50000     1.70000   185.89900
   2.60000     1.70000   185.93039
   2.70000     1.70000   186.21311
   2.80000     1.70000   186.01111
   2.90000     1.70000   185.66987
   3.00000     1.70000   185.52495
   3.10000     1.70000   186.15444
   3.20000     1.70000   187.17800
   3.30000     1.70000   186.07569
   3.40000     1.70000   185.93494
   3.50000     1.70000   186.98762
   3.60000     1.70000   186.41856
   3.70000     1.70000   186.06731
   3.80000     1.70000   186.59679
   3.90000     1.70000   186.45706
   4.00000     1.70000   186.29676
   4.10000     1.70000   186.20299
   4.20000     1.70000   186.59399
   4.30000     1.70000   185.97420
   4.40000     1.70000   186.52507
   4.50000     1.70000   186.59835
   4.60000     1.70000   186.20600
   4.70000     1.70000   186.03590
   4.80000     1.70000   186.54246
   4.90000     1.70000   186.27769
   5.00000     1.70000   186.46701
   0.10000     1.80000   185.13633
   0.20000     1.80000   183.92785
   0.30000     1.80000   181.55407
   0.40000     1.80000   179.85495
   0.50000     1.80000   178.47207
   0.60000     1.80000   175.67025
   0.70000     1.80000   172.97533
   0.80000     1.80000   170.93660
   0.90000     1.80000   169.69716
   1.00000     1.80000   168.05384
   1.10000     1.80000   186.37004
   1.20000     1.80000   185.99516
   1.30000     1.80000   186.94099
   1.40000     1.80000   186.33868
   1.50000     1.80000   186.15917
   1.60000     1.80000   185.62679
   1.70000     1.80000   186.12830
   1.80000     1.80000   186.35025
   1.90000     1.80000   185.94796
   2.00000     1.80000   186.59992
   2.10000     1.80000   186.54583
   2.20000     1.80000   185.96920
   2.30000     1.80000   186.64285
   2.40000     1.80000   186.37920
   2.50000     1.80000   186.25142
   2.60000     1.80000   186.76249
   2.70000     1.80000   186.26504
   2.80000     1.80000   186.24524
   2.90000     1.80000   186.55672
   3.00000     1.80000   185.67445
   3.10000     1.80000   186.47634
   3.20000     1.80000   186.10407
   3.30000     1.80000   186.13249
   3.40000     1.80000   186.73173
   3.50000     1.80000   186.50927
   3.60000     1.80000   186.97651
   3.70000     1.80000   186.49147
   3.80000     1.80000   186.70838
   3.90000     1.80000   185.67465
   4.00000     1.80000   185.85868
   4.10000     1.80000   186.61352
   4.20000     1.80000   186.28315
   4.30000     1.80000   185.60794
   4.40000     1.80000   186.36604
   4.50000     1.80000   186.73404
   4.60000     1.80000   185.84586
   4.70000     1.80000   185.81697
   4.80000     1.80000   186.04780
   4.90000     1.80000   186.43733
   5.00000     1.80000   185.62845
   0.10000     1.90000   184.95587
   0.20000     1.90000   183.26348
   0.30000     1.90000   181.41183
   0.40000     1.90000   179.89876
   0.50000     1.90000   177.79638
   0.60000     1.90000   174.95478
   0.70000     1.90000   173.23925
   0.80000     1.90000   170.75004
   0.90000     1.90000   169.45388
   1.00000     1.90000   167.32326
   1.10000     1.90000   186.81139
   1.20000     1.90000   186.25680
   1.30000     1.90000   186.05140
   1.40000     1.90000   185.46928
   1.50000     1.90000   186.15259
   1.60000     1.90000   186.19778
   1.70000     1.90000   185.31923
   1.80000     1.90000   186.32726
   1.90000     1.90000   185.90126
   2.00000     1.90000   186.30252
   2.10000     1.90000   185.51620
   2.20000     1.90000   185.93821
   2.30000     1.90000   186.80660
   2.40000     1.90000   186.28592
   2.50000     1.90000   186.63104
   2.60000     1.90000   186.31584
   2.70000     1.90000   186.31646
   2.80000     1.90000   186.03965
   2.90000     1.90000   186.16563
   3.00000     1.90000   185.88800
   3.10000     1.90000   185.79697
   3.20000     1.90000   186.58283
   3.30000     1.90000   186.71852
   3.40000     1.90000   186.26397
   3.50000     1.90000   185.99968
   3.60000     1.90000   185.81711
   3.70000     1.90000   186.22762
   3.80000     1.90000   186.61278
   3.90000     1.90000   186.23445
   4.00000     1.90000   186.38173
   4.10000     1.90000   185.75580
   4.20000     1.90000   186.35606
   4.30000     1.90000   186.24148
   4.40000     1.90000   186.45029
   4.50000     1.90000   186.59790
   4.60000     1.90000   185.80093
   4.70000     1.90000   186.21982
   4.80000     1.90000   186.12720
   4.90000     1.90000   186.98137
   5.00000     1.90000   186.41942
   0.10000     2.00000   184.81082
   0.20000     2.00000   183.21171
   0.30000     2.00000   181.79192
   0.40000     2.00000   179.90192
   0.50000     2.00000   176.92305
   0.60000     2.00000   174.36923
   0.70000     2.00000   172.82652
   0.80000     2.00000   170.61776
   0.90000     2.00000   168.82071
   1.00000     2.00000   167.60543
   1.10000     2.00000   185.84201
   1.20000     2.00000   185.89050
   1.30000     2.00000   186.79743
   1.40000     2.00000   186.24691
   1.50000     2.00000   186.28921
   1.60000     2.00000   186.13026
   1.70000     2.00000   186.77400
   1.80000     2.00000   185.92387
   1.90000     2.00000   186.18443
   2.00000     2.00000   186.59741
   2.10000     2.00000   185.71711
   2.20000     2.00000   186.63600
   2.30000     2.00000   186.12671
   2.40000     2.00000   187.08282
   2.50000     2.00000   185.97431
   2.60000     2.00000   185.82062
   2.70000     2.00000   185.82403
   2.80000     2.00000   186.88091
   2.90000     2.00000   186.26997
   3.00000     2.00000   186.59817
   3.10000     2.00000   186.29529
   3.20000     2.00000   186.13020
   3.30000     2.00000   186.07600
   3.40000     2.00000   185.98974
   3.50000     2.00000   185.96432
   3.60000     2.00000   186.43623
   3.70000     2.00000   185.97225
   3.80000     2.00000   185.43670
   3.90000     2.00000   186.23825
   4.00000     2.00000   186.28928
   4.10000     2.00000   186.66884
   4.20000     2.00000   186.01878
   4.30000     2.00000   185.96888
   4.40000     2.00000   185.80144
   4.50000     2.00000   186.46393
   4.60000     2.00000   186.60807
   4.70000     2.00000   186.18798
   4.80000     2.00000   186.12584
   4.90000     2.00000   186.39913
   5.00000     2.00000   186.50371
   0.10000     2.10000   184.91191
   0.20000     2.10000   183.54602
   0.30000     2.10000   181.43692
   0.40000     2.10000   179.04866
   0.50000     2.10000   176.58094
   0.60000     2.10000   174.00681
   0.70000     2.10000   172.25802
   0.80000     2.10000   170.11837
   0.90000     2.10000   168.31703
   1.00000     2.10000   166.83199
   1.10000     2.10000   186.55209
   1.20000     2.10000   186.78674
   1.30000     2.10000   186.30269
   1.40000     2.10000   186.21919
   1.50000     2.10000   186.26106
   1.60000     2.10000   186.45075
   1.70000     2.10000   185.73020
   1.80000     2.10000   185.27548
   1.90000     2.10000   186.87214
   2.00000     2.10000   186.23658
   2.10000     2.10000   185.40125
   2.20000     2.10000   186.35911
   2.30000     2.10000   186.64585
   2.40000     2.10000   186.49104
   2.50000     2.10000   185.68848
   2.60000     2.10000   186.31624
   2.70000     2.10000   186.25025
   2.80000     2.10000   186.44899
   2.90000     2.10000   186.26917
   3.00000     2.10000   186.16661
   3.10000     2.10000   186.70011
   3.20000     2.10000   186.20233
   3.30000     2.10000   186.60617
   3.40000     2.10000   185.74328
   3.50000     2.10000   186.44241
   3.60000     2.10000   186.68753
   3.70000     2.10000   185.96341
   3.80000     2.10000   185.80409
   3.90000     2.10000   186.35279
   4.00000     2.10000   186.39367
   4.10000     2.10000   186.66727
   4.20000     2.10000   186.34741
   4.30000     2.10000   186.02709
   4.40000     2.10000   185.83146
   4.50000     2.10000   186.32421
   4.60000     2.10000   185.87858
   4.70000     2.10000   186.10236
   4.80000     2.10000   186.23344
   4.90000     2.10000   185.38402
   5.00000     2.10000   186.80996
   0.10000     2.20000   185.05852
   0.20000     2.20000   182.93881
   0.30000     2.20000   180.98492
   0.40000     2.20000   178.71313
   0.50000     2.20000   176.47689
   0.60000     2.20000   173.72425
   0.70000     2.20000   171.11886
   0.80000     2.20000   169.39764
   0.90000     2.20000   167.97433
   1.00000     2.20000   166.42081
   1.10000     2.20000   186.12457
   1.20000     2.20000   187.42747
   1.30000     2.20000   186.07860
   1.40000     2.20000   186.72861
   1.50000     2.20000   186.42146
   1.60000     2.20000   185.99677
   1.70000     2.20000   185.92063
   1.80000     2.20000   186.35600
   1.90000     2.20000   186.31579
   2.00000     2.20000   186.54750
   2.10000     2.20000   185.55678
   2.20000     2.20000   186.03023
   2.30000     2.20000   186.19158
   2.40000     2.20000   186.62760
   2.50000     2.20000   186.80231
   2.60000     2.20000   187.03909
   2.70000     2.20000   186.31374
   2.80000     2.20000   186.53293
   2.90000     2.20000   186.34407
   3.00000     2.20000   185.84534
   3.10000     2.20000   186.73369
   3.20000     2.20000   186.63838
   3.30000     2.20000   186.07060
   3.40000     2.20000   186.84443
   3.50000     2.20000   186.33776
   3.60000     2.20000   187.29280
   3.70000     2.20000   186.67478
   3.80000     2.20000   186.33532
   3.90000     2.20000   186.38184
   4.00000     2.20000   186.62498
   4.10000     2.20000   185.97411
   4.20000     2.20000   186.69923
   4.30000     2.20000   186.07362
   4.40000     2.20000   186.23085
   4.50000     2.20000   186.79189
   4.60000     2.20000   186.55858
   4.70000     2.20000   186.40549
   4.80000     2.20000   186.21742
   4.90000     2.20000   186.34987
   5.00000     2.20000   186.21330
   0.10000     2.30000   184.23525
   0.20000     2.30000   182.94053
   0.30000     2.30000   181.51897
   0.40000     2.30000   178.63730
   0.50000     2.30000   176.38362
   0.60000     2.30000   172.95710
   0.70000     2.30000   171.29061
   0.80000     2.30000   169.64142
   0.90000     2.30000   167.27602
   1.00000     2.30000   166.17213
   1.10000     2.30000   186.48581
   1.20000     2.30000   186.19783
   1.30000     2.30000   185.79446
   1.40000     2.30000   187.06681
   1.50000     2.30000   185.38810
   1.60000     2.30000   185.62208
   1.70000     2.30000   186.50233
   1.80000     2.30000   186.17330
   1.90000     2.30000   186.31198
   2.00000     2.30000   185.67747
   2.10000     2.30000   186.10782
   2.20000     2.30000   186.62745
   2.30000     2.30000   186.13604
   2.40000     2.30000   186.09113
   2.50000     2.30000   186.29557
   2.60000     2.30000   186.57938
   2.70000     2.30000   185.84458
   2.80000     2.30000   186.29964
   2.90000     2.30000   186.36046
   3.00000     2.30000   186.60053
   3.10000     2.30000   185.98645
   3.20000     2.30000   186.93919
   3.30000     2.30000   186.08848
   3.40000     2.30000   186.47538
   3.50000     2.30000   185.51230
   3.60000     2.30000   186.47880
   3.70000     2.30000   186.08167
   3.80000     2.30000   185.95512
   3.90000     2.30000   186.39690
   4.00000     2.30000   185.79332
   4.10000     2.30000   186.05589
   4.20000     2.30000   186.15171
   4.30000     2.30000   185.96815
   4.40000     2.30000   185.79181
   4.50000     2.30000   186.78264
   4.60000     2.30000   186.66886
   4.70000     2.30000   186.64449
   4.80000     2.30000   186.37126
   4.90000     2.30000   186.65235
   5.00000     2.30000   186.44301
   0.10000     2.40000   184.79175
   0.20000     2.40000   182.91469
   0.30000     2.40000   180.89714
   0.40000     2.40000   178.67090
   0.50000     2.40000   175.43379
   0.60000     2.40000   173.08968
   0.70000     2.40000   170.55343
   0.80000     2.40000   168.56358
   0.90000     2.40000   167.36075
   1.00000     2.40000   166.37929
   1.10000     2.40000   186.37903
   1.20000     2.40000   186.78960
   1.30000     2.40000   186.13119
   1.40000     2.40000   185.89718
   1.50000     2.40000   187.06731
   1.60000     2.40000   186.49091
   1.70000     2.40000   185.82049
   1.80000     2.40000   186.12825
   1.90000     2.40000   186.26667
   2.00000     2.40000   185.37449
   2.10000     2.40000   186.18788
   2.20000     2.40000   185.79413
   2.30000     2.40000   185.89437
   2.40000     2.40000   186.13975
   2.50000     2.40000   186.14445
   2.60000     2.40000   186.81449
   2.70000     2.40000   186.24952
   2.80000     2.40000   186.30582
   2.90000     2.40000   185.74345
   3.00000     2.40000   186.16140
   3.10000     2.40000   186.43086
   3.20000     2.40000   186.41157
   3.30000     2.40000   186.20843
   3.40000     2.40000   186.33200
   3.50000     2.40000   185.80567
   3.60000     2.40000   185.64008
   3.70000     2.40000   186.12849
   3.80000     2.40000   186.13107
   3.90000     2.40000   186.27332
   4.00000     2.40000   186.33864
   4.10000     2.40000   186.37774
   4.20000     2.40000   185.98026
   4.30000     2.40000   185.90489
   4.40000     2.40000   186.25045
   4.50000     2.40000   186.50867
   4.60000     2.40000   186.63260
   4.70000     2.40000   186.43547
   4.80000     2.40000   185.91122
   4.90000     2.40000   186.12969
   5.00000     2.40000   185.88498
   0.10000     2.50000   185.13883
   0.20000     2.50000   182.24094
   0.30000     2.50000   180.21442
   0.40000     2.50000   178.60148
   0.50000     2.50000   175.71431
   0.60000     2.50000   172.38777
   0.70000     2.50000   170.45301
   0.80000     2.50000   168.38724
   0.90000     2.50000   167.12054
   1.00000     2.50000   165.43760
   1.10000     2.50000   186.24591
   1.20000     2.50000   186.08378
   1.30000     2.50000   186.21611
   1.40000     2.50000   186.47330
   1.50000     2.50000   185.96589
   1.60000     2.50000   185.96664
   1.70000     2.50000   185.93738
   1.80000     2.50000   185.69433
   1.90000     2.50000   186.21901
   2.00000     2.50000   186.39435
   2.10000     2.50000   186.89584
   2.20000     2.50000   186.13796
   2.30000     2.50000   186.05406
   2.40000     2.50000   186.03120
   2.50000     2.50000   186.27661
   2.60000     2.50000   186.45021
   2.70000     2.50000   186.41618
   2.80000     2.50000   186.17110
   2.90000     2.50000   185.88705
   3.00000     2.50000   186.55920
   3.10000     2.50000   186.25848
   3.20000     2.50000   186.81064
   3.30000     2.50000   186.68961
   3.40000     2.50000   185.89614
   3.50000     2.50000   186.44130
   3.60000     2.50000   186.43854
   3.70000     2.50000   186.44988
   3.80000     2.50000   186.18704
   3.90000     2.50000   185.98890
   4.00000     2.50000   186.40147
   4.10000     2.50000   186.43479
   4.20000     2.50000   185.78013
   4.30000     2.50000   185.66545
   4.40000     2.50000   186.36626
   4.50000     2.50000   186.88684
   4.60000     2.50000   186.56615
   4.70000     2.50000   186.30729
   4.80000     2.50000   185.45794
   4.90000     2.50000   186.89682
   5.00000     2.50000   185.81336
   0.10000     2.60000   184.72912
   0.20000     2.60000   182.35468
   0.30000     2.60000   179.52289
   0.40000     2.60000   177.50655
   0.50000     2.60000   174.82157
   0.60000     2.60000   172.32845
   0.70000     2.60000   170.27149
   0.80000     2.60000   167.86301
   0.90000     2.60000   166.11723
   1.00000     2.60000   165.71856
   1.10000     2.60000   186.17452
   1.20000     2.60000   186.38541
   1.30000     2.60000   186.13104
   1.40000     2.60000   185.97315
   1.50000     2.60000   186.32412
   1.60000     2.60000   186.95005
   1.70000     2.60000   186.07244
   1.80000     2.60000   186.02017
   1.90000     2.60000   186.29876
   2.00000     2.60000   185.87401
   2.10000     2.60000   186.46769
   2.20000     2.60000   186.59960
   2.30000     2.60000   185.98814
   2.40000     2.60000   186.40917
   2.50000     2.60000   185.87567
   2.60000     2.60000   186.29048
   2.70000     2.60000   186.65325
   2.80000     2.60000   186.17807
   2.90000     2.60000   186.75367
   3.00000     2.60000   186.97074
   3.10000     2.60000   185.33637
   3.20000     2.60000   186.13325
   3.30000     2.60000   185.97278
   3.40000     2.60000   186.47300
   3.50000     2.60000   186.41100
   3.60000     2.60000   186.36934
   3.70000     2.60000   186.83802
   3.80000     2.60000   186.43311
   3.90000     2.60000   186.10306
   4.00000     2.60000   186.00538
   4.10000     2.60000   186.92069
   4.20000     2.60000   185.94185
   4.30000     2.60000   186.22749
   4.40000     2.60000   186.52632
   4.50000     2.60000   186.18336
   4.60000     2.60000   185.72049
   4.70000     2.60000   186.18163
   4.80000     2.60000   185.72907
   4.90000     2.60000   186.28652
   5.00000     2.60000   186.49163
   0.10000     2.70000   184.44196
   0.20000     2.70000   183.03234
   0.30000     2.70000   180.24657
   0.40000     2.70000   177.22970
   0.50000     2.70000   175.27478
   0.60000     2.70000   171.17188
   0.70000     2.70000   169.30216
   0.80000     2.70000   167.63148
   0.90000     2.70000   166.50598
   1.00000     2.70000   165.16115
   1.10000     2.70000   186.15887
   1.20000     2.70000   186.97425
   1.30000     2.70000   187.27338
   1.40000     2.70000   186.75809
   1.50000     2.70000   186.30308
   1.60000     2.70000   186.31448
   1.70000     2.70000   186.35279
   1.80000     2.70000   186.31826
   1.90000     2.70000   186.33271
   2.00000     2.70000   186.31114
   2.10000     2.70000   186.52457
   2.20000     2.70000   186.83586
   2.30000     2.70000   186.54814
   2.40000     2.70000   186.47309
   2.50000     2.70000   186.47701
   2.60000     2.70000   185.95354
   2.70000     2.70000   186.34203
   2.80000     2.70000   186.06560
   2.90000     2.70000   185.98919
   3.00000     2.70000   185.74674
   3.10000     2.70000   185.79122
   3.20000     2.70000   186.50505
   3.30000     2.70000   186.37272
   3.40000     2.70000   186.32102
   3.50000     2.70000   186.43108
   3.60000     2.70000   186.36574
   3.70000     2.70000   185.99190
   3.80000     2.70000   186.38843
   3.90000     2.70000   185.70951
   4.00000     2.70000   186.71655
   4.10000     2.70000   185.25751
   4.20000     2.70000   186.50888
   4.30000     2.70000   186.49790
   4.40000     2.70000   186.14049
   4.50000     2.70000   186.08774
   4.60000     2.70000   186.38240
   4.70000     2.70000   185.85032
   4.80000     2.70000   186.53031
   4.90000     2.70000   185.87102
   5.00000     2.70000   186.75891
   0.10000     2.80000   185.08728
   0.20000     2.80000   183.35644
   0.30000     2.80000   180.08951
   0.40000     2.80000   177.09698
   0.50000     2.80000   174.04637
   0.60000     2.80000   171.43667
   0.70000     2.80000   169.19168
   0.80000     2.80000   167.27774
   0.90000     2.80000   166.22578
   1.00000     2.80000   165.31325
   1.10000     2.80000   185.95548
   1.20000     2.80000   186.96141
   1.30000     2.80000   185.77468
   1.40000     2.80000   185.87594
   1.50000     2.80000   185.98990
   1.60000     2.80000   185.84611
   1.70000     2.80000   186.04744
   1.80000     2.80000   186.28879
   1.90000     2.80000   186.09741
   2.00000     2.80000   186.72514
   2.10000     2.80000   186.17249
   2.20000     2.80000   186.41984
   2.30000     2.80000   186.20471
   2.40000     2.80000   186.41210
   2.50000     2.80000   185.75451
   2.60000     2.80000   186.60990
   2.70000     2.80000   186.79780
   2.80000     2.80000   185.71943
   2.90000     2.80000   185.66052
   3.00000     2.80000   186.21407
   3.10000     2.80000   185.96328
   3.20000     2.80000   186.21213
   3.30000     2.80000   186.99175
   3.40000     2.80000   186.10693
   3.50000     2.80000   186.57526
   3.60000     2.80000   186.02092
   3.70000     2.80000   186.12147
   3.80000     2.80000   186.54169
   3.90000     2.80000   186.24628
   4.00000     2.80000   186.06381
   4.10000     2.80000   186.22062
   4.20000     2.80000   186.67896
   4.30000     2.80000   186.42547
   4.40000     2.80000   186.15153
   4.50000     2.80000   186.13740
   4.60000     2.80000   185.79521
   4.70000     2.80000   186.44171
   4.80000     2.80000   186.46767
   4.90000     2.80000   185.41044
   5.00000     2.80000   185.68851
   0.10000     2.90000   184.31425
   0.20000     2.90000   182.00544
   0.30000     2.90000   179.58765
   0.40000     2.90000   177.01122
   0.50000     2.90000   173.46229
   0.60000     2.90000   171.04740
   0.70000     2.90000   169.11790
   0.80000     2.90000   166.95876
   0.90000     2.90000   165.59494
   1.00000     2.90000   166.53327
   1.10000     2.90000   186.52022
   1.20000     2.90000   185.89916
   1.30000     2.90000   186.77711
   1.40000     2.90000   186.11541
   1.50000     2.90000   186.64078
   1.60000     2.90000   185.87216
   1.70000     2.90000   186.10872
   1.80000     2.90000   185.79950
   1.90000     2.90000   186.37611
   2.00000     2.90000   186.13871
   2.10000     2.90000   186.39916
   2.20000     2.90000   186.96993
   2.30000     2.90000   186.06212
   2.40000     2.90000   186.13981
   2.50000     2.90000   185.76694
   2.60000     2.90000   186.16080
   2.70000     2.90000   186.23609
   2.80000     2.90000   187.28526
   2.90000     2.90000   186.05437
   3.00000     2.90000   186.76496
   3.10000     2.90000   185.53878
   3.20000     2.90000   186.12684
   3.30000     2.90000   186.13033
   3.40000     2.90000   186.36539
   3.50000     2.90000   186.62163
   3.60000     2.90000   187.29712
   3.70000     2.90000   186.42630
   3.80000     2.90000   186.17597
   3.90000     2.90000   186.04255
   4.00000     2.90000   185.75541
   4.10000     2.90000   186.50944
   4.20000     2.90000   185.98500
   4.30000     2.90000   185.88702
   4.40000     2.90000   186.88514
   4.50000     2.90000   186.56547
   4.60000     2.90000   186.14476
   4.70000     2.90000   185.91310
   4.80000     2.90000   186.29689
   4.90000     2.90000   186.16183
   5.00000     2.90000   185.70057
   0.10000     3.00000   184.85313
   0.20000     3.00000   182.00313
   0.30000     3.00000   179.44702
   0.40000     3.00000   176.04914
   0.50000     3.00000   173.14779
   0.60000     3.00000   170.62670
   0.70000     3.00000   168.57060
   0.80000     3.00000   166.54732
   0.90000     3.00000   165.42181
   1.00000     3.00000   170.67750
   1.10000     3.00000   186.12493
   1.20000     3.00000   185.91655
   1.30000     3.00000   186.46840
   1.40000     3.00000   186.26391
   1.50000     3.00000   185.80929
   1.60000     3.00000   186.32582
   1.70000     3.00000   186.70178
   1.80000     3.00000   185.51429
   1.90000     3.00000   186.28159
   2.00000     3.00000   186.52787
   2.10000     3.00000   186.01044
   2.20000     3.00000   186.26006
   2.30000     3.00000   186.67168
   2.40000     3.00000   186.43595
   2.50000     3.00000   186.14811
   2.60000     3.00000   186.49158
   2.70000     3.00000   186.14062
   2.80000     3.00000   186.12721
   2.90000     3.00000   186.48951
   3.00000     3.00000   186.30266
   3.10000     3.00000   185.59602
   3.20000     3.00000   186.11568
   3.30000     3.00000   186.14431
   3.40000     3.00000   186.33613
   3.50000     3.00000   186.31811
   3.60000     3.00000   186.28834
   3.70000     3.00000   186.26301
   3.80000     3.00000   186.30917
   3.90000     3.00000   186.37483
   4.00000     3.00000   186.76115
   4.10000     3.00000   186.19094
   4.20000     3.00000   186.28841
   4.30000     3.00000   186.89023
   4.40000     3.00000   186.74890
   4.50000     3.00000   186.12255
   4.60000     3.00000   186.45028
   4.70000     3.00000   186.15924
   4.80000     3.00000   185.60108
   4.90000     3.00000   186.35521
   5.00000     3.00000   186.10887
   0.10000     3.10000   184.52014
   0.20000     3.10000   182.25320
   0.30000     3.10000   179.68039
   0.40000     3.10000   175.71256
   0.50000     3.10000   173.09988
   0.60000     3.10000   170.65880
   0.70000     3.10000   168.41502
   0.80000     3.10000   166.62887
   0.90000     3.10000   165.04120
   1.00000     3.10000   175.36332
   1.10000     3.10000   187.17408
   1.20000     3.10000   186.00561
   1.30000     3.10000   186.09314
   1.40000     3.10000   186.36625
   1.50000     3.10000   185.83721
   1.60000     3.10000   186.16030
   1.70000     3.10000   185.96125
   1.80000     3.10000   185.97422
   1.90000     3.10000   186.57057
   2.00000     3.10000   185.88116
   2.10000     3.10000   186.49121
   2.20000     3.10000   187.04923
   2.30000     3.10000   186.92278
   2.40000     3.10000   186.66311
   2.50000     3.10000   186.24769
   2.60000     3.10000   186.82092
   2.70000     3.10000   186.02873
   2.80000     3.10000   186.46849
   2.90000     3.10000   186.39291
   3.00000     3.10000   186.50611
   3.10000     3.10000   187.02805
   3.20000     3.10000   186.33477
   3.30000     3.10000   186.28577
   3.40000     3.10000   185.73625
   3.50000     3.10000   185.97470
   3.60000     3.10000   186.30712
   3.70000     3.10000   186.58814
   3.80000     3.10000   185.76476
   3.90000     3.10000   186.46927
   4.00000     3.10000   186.48417
   4.10000     3.10000   186.06355
   4.20000     3.10000   186.40928
   4.30000     3.10000   185.74318
   4.40000     3.10000   186.11423
   4.50000     3.10000   185.62692
   4.60000     3.10000   186.02441
   4.70000     3.10000   186.68729
   4.80000     3.10000   186.54275
   4.90000     3.10000   186.38476
   5.00000     3.10000   186.04332
   0.10000     3.20000   184.33249
   0.20000     3.20000   182.18279
   0.30000     3.20000   179.83770
   0.40000     3.20000   175.61847
   0.50000     3.20000   173.22700
   0.60000     3.20000   170.31070
   0.70000     3.20000   167.42533
   0.80000     3.20000   166.15950
   0.90000     3.20000   165.92069
   1.00000     3.20000   179.59684
   1.10000     3.20000   186.09768
   1.20000     3.20000   186.09071
   1.30000     3.20000   185.60161
   1.40000     3.20000   186.49964
   1.50000     3.20000   185.72956
   1.60000     3.20000   186.47157
   1.70000     3.20000   185.96772
   1.80000     3.20000   186.10519
   1.90000     3.20000   186.39056
   2.00000     3.20000   186.43957
   2.10000     3.20000   186.45483
   2.20000     3.20000   186.25087
   2.30000     3.20000   186.51764
   2.40000     3.20000   186.24158
   2.50000     3.20000   186.26746
   2.60000     3.20000   186.58073
   2.70000     3.20000   186.93670
   2.80000     3.20000   186.45085
   2.90000     3.20000   186.30613
   3.00000     3.20000   186.32547
   3.10000     3.20000   186.38736
   3.20000     3.20000   185.91076
   3.30000     3.20000   185.85872
   3.40000     3.20000   185.71904
   3.50000     3.20000   186.61441
   3.60000     3.20000   185.99484
   3.70000     3.20000   186.67462
   3.80000     3.20000   186.33147
   3.90000     3.20000   186.37959
   4.00000     3.20000   186.74027
   4.10000     3.20000   186.62372
   4.20000     3.20000   186.27655
   4.30000     3.20000   186.31711
   4.40000     3.20000   186.58513
   4.50000     3.20000   185.96380
   4.60000     3.20000   186.81158
   4.70000     3.20000   185.75799
   4.80000     3.20000   186.25972
   4.90000     3.20000   186.49181
   5.00000     3.20000   185.65612
   0.10000     3.30000   184.64553
   0.20000     3.30000   182.63624
   0.30000     3.30000   178.61574
   0.40000     3.30000   175.13007
   0.50000     3.30000   172.55434
   0.60000     3.30000   169.72659
   0.70000     3.30000   167.68007
   0.80000     3.30000   165.65518
   0.90000     3.30000   165.47600
   1.00000     3.30000   184.45358
   1.10000     3.30000   187.08499
   1.20000     3.30000   185.81075
   1.30000     3.30000   186.15463
   1.40000     3.30000   186.62179
   1.50000     3.30000   186.63662
   1.60000     3.30000   185.67769
   1.70000     3.30000   186.61984
   1.80000     3.30000   186.47156
   1.90000     3.30000   186.18462
   2.00000     3.30000   185.88613
   2.10000     3.30000   186.62413
   2.20000     3.30000   186.42216
   2.30000     3.30000   186.90342
   2.40000     3.30000   185.96213
   2.50000     3.30000   186.54218
   2.60000     3.30000   186.49257
   2.70000     3.30000   185.51478
   2.80000     3.30000   186.56699
   2.90000     3.30000   186.57336
   3.00000     3.30000   186.43696
   3.10000     3.30000   186.50431
   3.20000     3.30000   186.74379
   3.30000     3.30000   185.65450
   3.40000     3.30000   186.65684
   3.50000     3.30000   186.42990
   3.60000     3.30000   186.31230
   3.70000     3.30000   186.26013
   3.80000     3.30000   186.43027
   3.90000     3.30000   185.88859
   4.00000     3.30000   186.54279
   4.10000     3.30000   186.13604
   4.20000     3.30000   185.68135
   4.30000     3.30000   186.40302
   4.40000     3.30000   186.61333
   4.50000     3.30000   186.14047
   4.60000     3.30000   186.49208
   4.70000     3.30000   186.59735
   4.80000     3.30000   186.48420
   4.90000     3.30000   186.34895
   5.00000     3.30000   186.37941
   0.10000     3.40000   184.86792
   0.20000     3.40000   181.37672
   0.30000     3.40000   179.36020
   0.40000     3.40000   175.06063
   0.50000     3.40000   171.55418
   0.60000     3.40000   169.14830
   0.70000     3.40000   167.28721
   0.80000     3.40000   165.20507
   0.90000     3.40000   166.71175
   1.00000     3.40000   187.55417
   1.10000     3.40000   186.74033
   1.20000     3.40000   186.77148
   1.30000     3.40000   186.44531
   1.40000     3.40000   186.05245
   1.50000     3.40000   185.93511
   1.60000     3.40000   186.11781
   1.70000     3.40000   186.60426
   1.80000     3.40000   186.02466
   1.90000     3.40000   186.08906
   2.00000     3.40000   186.06957
   2.10000     3.40000   186.10930
   2.20000     3.40000   185.98622
   2.30000     3.40000   185.67361
   2.40000     3.40000   186.04007
   2.50000     3.40000   186.39941
   2.60000     3.40000   185.72903
   2.70000     3.40000   186.82936
   2.80000     3.40000   186.24739
   2.90000     3.40000   186.42726
   3.00000     3.40000   185.68010
   3.10000     3.40000   186.40375
   3.20000     3.40000   186.32595
   3.30000     3.40000   186.08952
   3.40000     3.40000   186.47754
   3.50000     3.40000   185.96110
   3.60000     3.40000   186.50534
   3.70000     3.40000   186.16932
   3.80000     3.40000   186.94184
   3.90000     3.40000   185.86068
   4.00000     3.40000   186.31471
   4.10000     3.40000   186.47751
   4.20000     3.40000   185.81070
   4.30000     3.40000   186.82902
   4.40000     3.40000   186.87012
   4.50000     3.40000   186.10089
   4.60000     3.40000   186.02711
   4.70000     3.40000   186.10317
   4.80000     3.40000   186.52634
   4.90000     3.40000   185.98875
   5.00000     3.40000   186.17306
   0.10000     3.50000   184.44813
   0.20000     3.50000   181.50370
   0.30000     3.50000   178.76637
   0.40000     3.50000   175.05194
   0.50000     3.50000   172.04412
   0.60000     3.50000   169.52528
   0.70000     3.50000   167.01015
   0.80000     3.50000   165.44056
   0.90000     3.50000   170.56208
   1.00000     3.50000   190.42793
   1.10000     3.50000   186.06551
   1.20000     3.50000   186.31623
   1.30000     3.50000   186.48775
   1.40000     3.50000   186.05157
   1.50000     3.50000   186.41972
   1.60000     3.50000   186.68305
   1.70000     3.50000   185.71362
   1.80000     3.50000   186.38776
   1.90000     3.50000   186.37685
   2.00000     3.50000   186.14105
   2.10000     3.50000   186.59342
   2.20000     3.50000   186.16977
   2.30000     3.50000   186.08159
   2.40000     3.50000   186.30684
   2.50000     3.50000   185.92911
   2.60000     3.50000   186.01250
   2.70000     3.50000   186.12747
   2.80000     3.50000   186.79851
   2.90000     3.50000   185.73329
   3.00000     3.50000   186.40158
   3.10000     3.50000   186.17564
   3.20000     3.50000   186.59437
   3.30000     3.50000   186.36533
   3.40000     3.50000   186.15200
   3.50000     3.50000   186.18649
   3.60000     3.50000   186.04446
   3.70000     3.50000   186.48117
   3.80000     3.50000   186.27881
   3.90000     3.50000   186.56106
   4.00000     3.50000   186.33508
   4.10000     3.50000   185.87215
   4.20000     3.50000   185.97102
   4.30000     3.50000   185.94565
   4.40000     3.50000   186.21546
   4.50000     3.50000   186.86133
   4.60000     3.50000   186.20563
   4.70000     3.50000   186.06746
   4.80000     3.50000   186.30366
   4.90000     3.50000   186.33336
   5.00000     3.50000   186.46407
   0.10000     3.60000   184.53052
   0.20000     3.60000   181.91417
   0.30000     3.60000   178.15315
   0.40000     3.60000   175.14433
   0.50000     3.60000   171.09580
   0.60000     3.60000   169.13564
   0.70000     3.60000   166.71684
   0.80000     3.60000   165.13287
   0.90000     3.60000   173.88246
   1.00000     3.60000   191.67356
   1.10000     3.60000   185.78173
   1.20000     3.60000   185.81596
   1.30000     3.60000   186.16777
   1.40000     3.60000   186.04039
   1.50000     3.60000   186.14191
   1.60000     3.60000   186.02926
   1.70000     3.60000   186.43437
   1.80000     3.60000   185.76941
   1.90000     3.60000   186.34738
   2.00000     3.60000   186.04891
   2.10000     3.60000   185.69338
   2.20000     3.60000   186.40033
   2.30000     3.60000   187.09327
   2.40000     3.60000   186.15663
   2.50000     3.60000   186.03382
   2.60000     3.60000   186.09341
   2.70000     3.60000   187.05269
   2.80000     3.60000   186.47619
   2.90000     3.60000   186.25303
   3.00000     3.60000   186.57528
   3.10000     3.60000   186.07780
   3.20000     3.60000   186.38199
   3.30000     3.60000   186.20513
   3.40000     3.60000   185.70569
   3.50000     3.60000   186.54327
   3.60000     3.60000   186.42090
   3.70000     3.60000   186.66438
   3.80000     3.60000   185.67966
   3.90000     3.60000   186.45581
   4.00000     3.60000   185.86987
   4.10000     3.60000   185.82392
   4.20000     3.60000   186.54582
   4.30000     3.60000   186.37977
   4.40000     3.60000   186.22275
   4.50000     3.60000   186.11402
   4.60000     3.60000   186.11989
   4.70000     3.60000   186.45075
   4.80000     3.60000   186.62108
   4.90000     3.60000   185.66971
   5.00000     3.60000   186.39235
   0.10000     3.70000   184.50928
   0.20000     3.70000   181.48242
   0.30000     3.70000   178.68487
   0.40000     3.70000   174.39251
   0.50000     3.70000   171.24805
   0.60000     3.70000   168.36632
   0.70000     3.70000   166.40811
   0.80000     3.70000   165.36382
   0.90000     3.70000   178.56623
   1.00000     3.70000   191.71210
   1.10000     3.70000   186.15549
   1.20000     3.70000   186.43330
   1.30000     3.70000   186.10194
   1.40000     3.70000   186.48508
   1.50000     3.70000   186.23768
   1.60000     3.70000   186.26144
   1.70000     3.70000   186.43463
   1.80000     3.70000   185.93247
   1.90000     3.70000   185.84193
   2.00000     3.70000   186.10768
   2.10000     3.70000   186.13683
   2.20000     3.70000   186.32530
   2.30000     3.70000   186.28289
   2.40000     3.70000   186.17474
   2.50000     3.70000   186.38932
   2.60000     3.70000   185.96466
   2.70000     3.70000   185.64267
   2.80000     3.70000   185.50581
   2.90000     3.70000   186.03892
   3.00000     3.70000   185.57188
   3.10000     3.70000   186.45467
   3.20000     3.70000   186.81895
   3.30000     3.70000   185.69433
   3.40000     3.70000   186.41486
   3.50000     3.70000   186.28799
   3.60000     3.70000   185.97623
   3.70000     3.70000   186.12731
   3.80000     3.70000   186.12844
   3.90000     3.70000   186.86904
   4.00000     3.70000   186.03156
   4.10000     3.70000   185.76319
   4.20000     3.70000   185.77599
   4.30000     3.70000   186.45558
   4.40000     3.70000   186.83694
   4.50000     3.70000   186.06071
   4.60000     3.70000   185.53241
   4.70000     3.70000   185.65449
   4.80000     3.70000   185.97140
   4.90000     3.70000   186.83629
   5.00000     3.70000   186.44398
   0.10000     3.80000   184.45239
   0.20000     3.80000   181.29343
   0.30000     3.80000   177.84823
   0.40000     3.80000   174.51259
   0.50000     3.80000   171.01035
   0.60000     3.80000   168.33336
   0.70000     3.80000   166.69602
   0.80000     3.80000   165.40240
   0.90000     3.80000   182.18762
   1.00000     3.80000   192.78250
   1.10000     3.80000   186.05834
   1.20000     3.80000   185.96581
   1.30000     3.80000   185.95433
   1.40000     3.80000   185.97665
   1.50000     3.80000   186.22280
   1.60000     3.80000   185.64201
   1.70000     3.80000   186.07861
   1.80000     3.80000   186.55820
   1.90000     3.80000   186.35822
   2.00000     3.80000   185.80618
   2.10000     3.80000   186.00451
   2.20000     3.80000   186.64182
   2.30000     3.80000   186.47866
   2.40000     3.80000   185.90756
   2.50000     3.80000   186.65738
   2.60000     3.80000   186.11818
   2.70000     3.80000   186.60061
   2.80000     3.80000   186.34232
   2.90000     3.80000   185.75932
   3.00000     3.80000   185.49899
   3.10000     3.80000   186.47176
   3.20000     3.80000   186.00900
   3.30000     3.80000   186.26138
   3.40000     3.80000   186.60576
   3.50000     3.80000   186.18647
   3.60000     3.80000   186.35114
   3.70000     3.80000   186.12978
   3.80000     3.80000   185.79953
   3.90000     3.80000   186.52803
   4.00000     3.80000   185.98083
   4.10000     3.80000   186.04433
   4.20000     3.80000   186.11410
   4.30000     3.80000   186.59255
   4.40000     3.80000   185.83262
   4.50000     3.80000   186.17469
   4.60000     3.80000   186.09462
   4.70000     3.80000   185.75799
   4.80000     3.80000   186.17293
   4.90000     3.80000   186.94372
   5.00000     3.80000   186.58578
   0.10000     3.90000   184.17613
   0.20000     3.90000   180.81878
   0.30000     3.90000   177.21907
   0.40000     3.90000   173.94790
   0.50000     3.90000   170.48942
   0.60000     3.90000   167.76106
   0.70000     3.90000   165.72051
   0.80000     3.90000   165.73779
   0.90000     3.90000   186.50563
   1.00000     3.90000   192.75522
   1.10000     3.90000   186.31217
   1.20000     3.90000   186.22495
   1.30000     3.90000   186.85520
   1.40000     3.90000   186.22260
   1.50000     3.90000   186.73321
   1.60000     3.90000   185.84481
   1.70000     3.90000   186.33701
   1.80000     3.90000   186.20216
   1.90000     3.90000   186.02314
   2.00000     3.90000   186.52695
   2.10000     3.90000   186.91145
   2.20000     3.90000   185.97912
   2.30000     3.90000   186.13284
   2.40000     3.90000   185.63690
   2.50000     3.90000   186.15058
   2.60000     3.90000   186.35042
   2.70000     3.90000   186.36869
   2.80000     3.90000   186.71881
   2.90000     3.90000   186.30167
   3.00000     3.90000   186.25951
   3.10000     3.90000   185.95416
   3.20000     3.90000   185.90338
   3.30000     3.90000   186.62997
   3.40000     3.90000   186.35954
   3.50000     3.90000   186.52054
   3.60000     3.90000   185.96280
   3.70000     3.90000   186.23171
   3.80000     3.90000   186.13062
   3.90000     3.90000   186.40380
   4.00000     3.90000   186.94891
   4.10000     3.90000   186.15558
   4.20000     3.90000   186.11834
   4.30000     3.90000   186.82541
   4.40000     3.90000   185.92963
   4.50000     3.90000   185.42485
   4.60000     3.90000   186.14662
   4.70000     3.90000   186.41451
   4.80000     3.90000   186.09337
   4.90000     3.90000   187.11871
   5.00000     3.90000   186.62239
   0.10000     4.00000   184.64121
   0.20000     4.00000   181.09042
   0.30000     4.00000   178.09910
   0.40000     4.00000   173.51026
   0.50000     4.00000   170.00568
   0.60000     4.00000   167.84037
   0.70000     4.00000   166.06456
   0.80000     4.00000   166.07278
   0.90000     4.00000   189.51236
   1.00000     4.00000   186.38407
   1.10000     4.00000   185.96784
   1.20000     4.00000   185.88079
   1.30000     4.00000   186.90460
   1.40000     4.00000   185.79143
   1.50000     4.00000   186.60551
   1.60000     4.00000   185.80529
   1.70000     4.00000   186.48364
   1.80000     4.00000   186.02366
   1.90000     4.00000   186.29942
   2.00000     4.00000   186.42221
   2.10000     4.00000   185.65367
   2.20000     4.00000   185.95394
   2.30000     4.00000   185.63786
   2.40000     4.00000   186.63542
   2.50000     4.00000   186.81100
   2.60000     4.00000   186.35242
   2.70000     4.00000   186.97257
   2.80000     4.00000   186.31305
   2.90000     4.00000   186.50981
   3.00000     4.00000   186.24183
   3.10000     4.00000   186.26846
   3.20000     4.00000   186.68068
   3.30000     4.00000   186.03488
   3.40000     4.00000   185.84547
   3.50000     4.00000   186.14597
   3.60000     4.00000   186.27520
   3.70000     4.00000   186.32555
   3.80000     4.00000   185.67166
   3.90000     4.00000   186.14914
   4.00000     4.00000   186.07987
   4.10000     4.00000   186.76737
   4.20000     4.00000   186.40802
   4.30000     4.00000   186.34013
   4.40000     4.00000   186.18622
   4.50000     4.00000   186.73352
   4.60000     4.00000   186.05912
   4.70000     4.00000   186.24699
   4.80000     4.00000   185.62576
   4.90000     4.00000   185.65193
   5.00000     4.00000   186.05536
   0.10000     4.10000   184.38322
   0.20000     4.10000   181.64526
   0.30000     4.10000   177.38506
   0.40000     4.10000   173.22594
   0.50000     4.10000   170.19452
   0.60000     4.10000   168.46790
   0.70000     4.10000   166.00510
   0.80000     4.10000   168.32083
   0.90000     4.10000   191.02839
   1.00000     4.10000   185.76727
   1.10000     4.10000   186.12937
   1.20000     4.10000   186.37285
   1.30000     4.10000   186.19546
   1.40000     4.10000   185.99700
   1.50000     4.10000   186.60262
   1.60000     4.10000   186.23574
   1.70000     4.10000   186.47881
   1.80000     4.10000   186.69998
   1.90000     4.10000   186.16465
   2.00000     4.10000   185.61220
   2.10000     4.10000   186.14884
   2.20000     4.10000   186.73087
   2.30000     4.10000   186.44478
   2.40000     4.10000   186.26546
   2.50000     4.10000   186.13662
   2.60000     4.10000   186.68397
   2.70000     4.10000   185.81986
   2.80000     4.10000   186.52399
   2.90000     4.10000   186.08174
   3.00000     4.10000   186.32058
   3.10000     4.10000   186.44669
   3.20000     4.10000   186.63334
   3.30000     4.10000   186.02648
   3.40000     4.10000   186.27750
   3.50000     4.10000   186.20595
   3.60000     4.10000   186.08619
   3.70000     4.10000   186.39275
   3.80000     4.10000   186.09884
   3.90000     4.10000   186.35746
   4.00000     4.10000   186.47008
   4.10000     4.10000   186.49270
   4.20000     4.10000   186.56347
   4.30000     4.10000   186.27333
   4.40000     4.10000   185.55001
   4.50000     4.10000   185.87278
   4.60000     4.10000   186.46178
   4.70000     4.10000   185.87207
   4.80000     4.10000   185.83641
   4.90000     4.10000   186.81306
   5.00000     4.10000   186.22040
   0.10000     4.20000   184.62185
   0.20000     4.20000   180.78602
   0.30000     4.20000   176.70367
   0.40000     4.20000   173.49567
   0.50000     4.20000   170.54452
   0.60000     4.20000   167.73539
   0.70000     4.20000   165.92298
   0.80000     4.20000   170.89970
   0.90000     4.20000   191.57925
   1.00000     4.20000   185.90293
   1.10000     4.20000   186.42919
   1.20000     4.20000   185.94423
   1.30000     4.20000   186.80973
   1.40000     4.20000   186.34034
   1.50000     4.20000   186.45516
   1.60000     4.20000   186.55489
   1.70000     4.20000   186.45838
   1.80000     4.20000   185.70613
   1.90000     4.20000   186.06263
   2.00000     4.20000   186.28161
   2.10000     4.20000   186.42776
   2.20000     4.20000   186.01515
   2.30000     4.20000   186.11505
   2.40000     4.20000   185.82090
   2.50000     4.20000   185.68485
   2.60000     4.20000   186.33573
   2.70000     4.20000   186.39695
   2.80000     4.20000   185.99108
   2.90000     4.20000   186.58715
   3.00000     4.20000   186.45595
   3.10000     4.20000   186.86796
   3.20000     4.20000   186.09832
   3.30000     4.20000   186.20701
   3.40000     4.20000   185.77992
   3.50000     4.20000   187.06560
   3.60000     4.20000   186.27473
   3.70000     4.20000   186.19044
   3.80000     4.20000   185.95830
   3.90000     4.20000   185.86750
   4.00000     4.20000   186.02560
   4.10000     4.20000   186.38787
   4.20000     4.20000   186.32746
   4.30000     4.20000   186.65029
   4.40000     4.20000   186.02682
   4.50000     4.20000   186.33406
   4.60000     4.20000   186.47072
   4.70000     4.20000   186.63887
   4.80000     4.20000   185.76998
   4.90000     4.20000   186.41006
   5.00000     4.20000   186.23818
   0.10000     4.30000   183.87545
   0.20000     4.30000   180.51354
   0.30000     4.30000   176.91104
   0.40000     4.30000   173.31866
   0.50000     4.30000   169.88430
   0.60000     4.30000   168.05918
   0.70000     4.30000   165.15813
   0.80000     4.30000   175.93388
   0.90000     4.30000   192.37019
   1.00000     4.30000   185.25603
   1.10000     4.30000   186.35452
   1.20000     4.30000   186.44205
   1.30000     4.30000   186.02795
   1.40000     4.30000   186.65441
   1.50000     4.30000   186.59707
   1.60000     4.30000   186.23291
   1.70000     4.30000   186.50807
   1.80000     4.30000   186.14405
   1.90000     4.30000   186.22415
   2.00000     4.30000   186.59008
   2.10000     4.30000   186.48784
   2.20000     4.30000   186.01038
   2.30000     4.30000   185.65151
   2.40000     4.30000   186.30753
   2.50000     4.30000   186.21272
   2.60000     4.30000   186.57400
   2.70000     4.30000   186.50163
   2.80000     4.30000   186.52660
   2.90000     4.30000   186.30455
   3.00000     4.30000   186.41298
   3.10000     4.30000   185.99912
   3.20000     4.30000   186.05942
   3.30000     4.30000   186.15987
   3.40000     4.30000   186.57434
   3.50000     4.30000   185.68188
   3.60000     4.30000   186.77241
   3.70000     4.30000   186.24399
   3.80000     4.30000   185.88661
   3.90000     4.30000   186.71665
   4.00000     4.30000   186.05309
   4.10000     4.30000   186.52739
   4.20000     4.30000   186.35741
   4.30000     4.30000   186.53947
   4.40000     4.30000   186.26681
   4.50000     4.30000   186.14807
   4.60000     4.30000   186.32877
   4.70000     4.30000   186.28644
   4.80000     4.30000   186.48113
   4.90000     4.30000   186.32981
   5.00000     4.30000   186.01046
   0.10000     4.40000   183.95135
   0.20000     4.40000   180.63690
   0.30000     4.40000   176.77123
   0.40000     4.40000   173.07499
   0.50000     4.40000   170.07011
   0.60000     4.40000   167.14435
   0.70000     4.40000   165.32827
   0.80000     4.40000   179.01884
   0.90000     4.40000   192.59626
   1.00000     4.40000   186.14196
   1.10000     4.40000   186.55342
   1.20000     4.40000   186.00543
   1.30000     4.40000   186.30860
   1.40000     4.40000   186.08775
   1.50000     4.40000   186.08005
   1.60000     4.40000   186.58280
   1.70000     4.40000   186.06762
   1.80000     4.40000   186.32315
   1.90000     4.40000   186.65394
   2.00000     4.40000   186.10236
   2.10000     4.40000   186.28885
   2.20000     4.40000   185.43941
   2.30000     4.40000   186.54553
   2.40000     4.40000   185.59926
   2.50000     4.40000   186.31966
   2.60000     4.40000   185.95333
   2.70000     4.40000   186.29655
   2.80000     4.40000   186.95450
   2.90000     4.40000   185.50601
   3.00000     4.40000   185.81893
   3.10000     4.40000   186.20768
   3.20000     4.40000   186.01486
   3.30000     4.40000   186.20539
   3.40000     4.40000   186.24120
   3.50000     4.40000   186.68531
   3.60000     4.40000   186.16193
   3.70000     4.40000   186.09071
   3.80000     4.40000   185.81795
   3.90000     4.40000   186.33821
   4.00000     4.40000   186.18489
   4.10000     4.40000   186.73127
   4.20000     4.40000   185.99950
   4.30000     4.40000   186.62785
   4.40000     4.40000   186.25710
   4.50000     4.40000   186.23385
   4.60000     4.40000   185.80489
   4.70000     4.40000   186.17337
   4.80000     4.40000   186.49309
   4.90000     4.40000   186.04419
   5.00000     4.40000   186.57406
   0.10000     4.50000   183.57408
   0.20000     4.50000   179.86422
   0.30000     4.50000   176.87438
   0.40000     4.50000   172.96609
   0.50000     4.50000   169.86437
   0.60000     4.50000   167.35183
   0.70000     4.50000   164.88483
   0.80000     4.50000   182.23625
   0.90000     4.50000   192.65796
   1.00000     4.50000   185.88909
   1.10000     4.50000   186.71104
   1.20000     4.50000   185.76310
   1.30000     4.50000   186.94725
   1.40000     4.50000   186.74414
   1.50000     4.50000   185.99241
   1.60000     4.50000   186.39570
   1.70000     4.50000   185.91408
   1.80000     4.50000   185.91633
   1.90000     4.50000   186.55239
   2.00000     4.50000   186.17670
   2.10000     4.50000   185.90431
   2.20000     4.50000   186.30371
   2.30000     4.50000   186.39174
   2.40000     4.50000   185.93384
   2.50000     4.50000   186.30449
   2.60000     4.50000   186.25294
   2.70000     4.50000   186.34199
   2.80000     4.50000   185.89974
   2.90000     4.50000   186.88740
   3.00000     4.50000   186.04464
   3.10000     4.50000   186.47278
   3.20000     4.50000   186.19823
   3.30000     4.50000   186.06306
   3.40000     4.50000   185.52592
   3.50000     4.50000   186.15813
   3.60000     4.50000   186.51511
   3.70000     4.50000   185.90751
   3.80000     4.50000   186.07172
   3.90000     4.50000   186.62788
   4.00000     4.50000   186.21447
   4.10000     4.50000   186.98836
   4.20000     4.50000   186.55561
   4.30000     4.50000   186.41201
   4.40000     4.50000   185.62325
   4.50000     4.50000   185.96222
   4.60000     4.50000   185.73858
   4.70000     4.50000   185.86563
   4.80000     4.50000   186.27291
   4.90000     4.50000   185.57447
   5.00000     4.50000   186.47466
   0.10000     4.60000   184.54485
   0.20000     4.60000   181.33217
   0.30000     4.60000   176.57233
   0.40000     4.60000   172.53195
   0.50000     4.60000   169.31469
   0.60000     4.60000   166.70088
   0.70000     4.60000   165.70998
   0.80000     4.60000   185.45159
   0.90000     4.60000   192.47913
   1.00000     4.60000   185.91803
   1.10000     4.60000   186.13791
   1.20000     4.60000   186.37593
   1.30000     4.60000   185.90420
   1.40000     4.60000   185.78107
   1.50000     4.60000   186.15206
   1.60000     4.60000   186.06472
   1.70000     4.60000   186.10506
   1.80000     4.60000   185.75858
   1.90000     4.60000   185.72399
   2.00000     4.60000   186.25588
   2.10000     4.60000   185.67972
   2.20000     4.60000   185.96036
   2.30000     4.60000   185.99133
   2.40000     4.60000   185.95525
   2.50000     4.60000   186.49175
   2.60000     4.60000   186.24854
   2.70000     4.60000   186.44364
   2.80000     4.60000   186.07838
   2.90000     4.60000   186.29989
   3.00000     4.60000   186.64446
   3.10000     4.60000   186.39732
   3.20000     4.60000   186.64053
   3.30000     4.60000   186.33996
   3.40000     4.60000   186.06912
   3.50000     4.60000   186.16347
   3.60000     4.60000   185.92868
   3.70000     4.60000   186.79810
   3.80000     4.60000   186.37942
   3.90000     4.60000   186.39509
   4.00000     4.60000   186.17458
   4.10000     4.60000   186.50481
   4.20000     4.60000   185.96346
   4.30000     4.60000   186.96324
   4.40000     4.60000   186.31774
   4.50000     4.60000   186.13526
   4.60000     4.60000   186.19975
   4.70000     4.60000   185.99378
   4.80000     4.60000   186.46499
   4.90000     4.60000   185.92320
   5.00000     4.60000   186.89747
   0.10000     4.70000   183.85939
   0.20000     4.70000   180.59411
   0.30000     4.70000   175.97346
   0.40000     4.70000   172.17953
   0.50000     4.70000   168.88103
   0.60000     4.70000   166.72685
   0.70000     4.70000   165.73605
   0.80000     4.70000   188.30366
   0.90000     4.70000   192.62977
   1.00000     4.70000   185.00245
   1.10000     4.70000   186.12510
   1.20000     4.70000   186.09458
   1.30000     4.70000   185.67740
   1.40000     4.70000   186.63402
   1.50000     4.70000   186.34207
   1.60000     4.70000   186.41385
   1.70000     4.70000   186.77035
   1.80000     4.70000   186.67450
   1.90000     4.70000   185.93227
   2.00000     4.70000   186.08454
   2.10000     4.70000   186.86476
   2.20000     4.70000   185.98208
   2.30000     4.70000   186.54657
   2.40000     4.70000   186.57501
   2.50000     4.70000   186.10746
   2.60000     4.70000   185.80357
   2.70000     4.70000   186.76954
   2.80000     4.70000   186.63473
   2.90000     4.70000   186.07809
   3.00000     4.70000   186.35182
   3.10000     4.70000   186.19532
   3.20000     4.70000   186.13174
   3.30000     4.70000   186.32201
   3.40000     4.70000   186.28929
   3.50000     4.70000   186.24771
   3.60000     4.70000   186.09357
   3.70000     4.70000   186.44221
   3.80000     4.70000   186.42951
   3.90000     4.70000   186.10272
   4.00000     4.70000   185.89084
   4.10000     4.70000   186.09179
   4.20000     4.70000   186.11247
   4.30000     4.70000   185.71629
   4.40000     4.70000   186.57554
   4.50000     4.70000   185.90492
   4.60000     4.70000   186.36495
   4.70000     4.70000   187.22141
   4.80000     4.70000   186.02170
   4.90000     4.70000   185.86584
   5.00000     4.70000   186.13657
   0.10000     4.80000   183.65732
   0.20000     4.80000   180.56090
   0.30000     4.80000   175.64940
   0.40000     4.80000   171.90555
   0.50000     4.80000   168.72484
   0.60000     4.80000   165.98417
   0.70000     4.80000   165.94449
   0.80000     4.80000   190.51330
   0.90000     4.80000   192.89761
   1.00000     4.80000   185.86020
   1.10000     4.80000   186.48126
   1.20000     4.80000   186.51807
   1.30000     4.80000   186.07908
   1.40000     4.80000   186.23298
   1.50000     4.80000   186.34432
   1.60000     4.80000   185.99376
   1.70000     4.80000   185.64865
   1.80000     4.80000   185.95401
   1.90000     4.80000   186.33660
   2.00000     4.80000   186.61814
   2.10000     4.80000   186.80076
   2.20000     4.80000   185.73316
   2.30000     4.80000   186.15313
   2.40000     4.80000   186.45413
   2.50000     4.80000   186.98313
   2.60000     4.80000   186.30676
   2.70000     4.80000   186.27838
   2.80000     4.80000   185.81288
   2.90000     4.80000   186.70691
   3.00000     4.80000   186.43652
   3.10000     4.80000   186.70005
   3.20000     4.80000   185.43785
   3.30000     4.80000   185.67426
   3.40000     4.80000   186.04082
   3.50000     4.80000   186.17901
   3.60000     4.80000   187.00189
   3.70000     4.80000   186.48352
   3.80000     4.80000   185.61250
   3.90000     4.80000   186.25385
   4.00000     4.80000   186.48567
   4.10000     4.80000   185.85799
   4.20000     4.80000   186.22047
   4.30000     4.80000   186.36087
   4.40000     4.80000   186.24014
   4.50000     4.80000   186.10616
   4.60000     4.80000   186.22908
   4.70000     4.80000   186.39220
   4.80000     4.80000   185.68735
   4.90000     4.80000   186.49968
   5.00000     4.80000   186.14434
   0.10000     4.90000   183.96976
   0.20000     4.90000   180.01259
   0.30000     4.90000   175.98262
   0.40000     4.90000   171.94702
   0.50000     4.90000   168.56680
   0.60000     4.90000   166.35198
   0.70000     4.90000   166.78026
   0.80000     4.90000   190.94503
   0.90000     4.90000   192.91947
   1.00000     4.90000   186.00501
   1.10000     4.90000   186.32619
   1.20000     4.90000   186.96608
   1.30000     4.90000   185.77936
   1.40000     4.90000   186.20820
   1.50000     4.90000   186.42224
   1.60000     4.90000   186.36496
   1.70000     4.90000   186.18853
   1.80000     4.90000   186.67969
   1.90000     4.90000   186.79479
   2.00000     4.90000   186.71730
   2.10000     4.90000   186.95029
   2.20000     4.90000   185.49512
   2.30000     4.90000   186.00251
   2.40000     4.90000   186.18477
   2.50000     4.90000   186.20011
   2.60000     4.90000   186.46926
   2.70000     4.90000   185.75536
   2.80000     4.90000   186.57227
   2.90000     4.90000   186.67550
   3.00000     4.90000   186.47857
   3.10000     4.90000   186.50164
   3.20000     4.90000   186.23487
   3.30000     4.90000   186.37627
   3.40000     4.90000   186.74116
   3.50000     4.90000   186.04360
   3.60000     4.90000   185.99074
   3.70000     4.90000   186.34984
   3.80000     4.90000   186.25730
   3.90000     4.90000   186.19829
   4.00000     4.90000   185.70062
   4.10000     4.90000   185.56948
   4.20000     4.90000   186.38276
   4.30000     4.90000   185.96341
   4.40000     4.90000   186.44175
   4.50000     4.90000   186.30413
   4.60000     4.90000   186.29162
   4.70000     4.90000   186.68420
   4.80000     4.90000   186.79628
   4.90000     4.90000   186.61849
   5.00000     4.90000   185.81965
   0.10000     5.00000   183.39314
   0.20000     5.00000   180.27740
   0.30000     5.00000   175.58365
   0.40000     5.00000   171.29587
   0.50000     5.00000   168.22880
   0.60000     5.00000   165.51249
   0.70000     5.00000   169.31825
   0.80000     5.00000   191.76479
   0.90000     5.00000   193.07363
   1.00000     5.00000   185.11904
   1.10000     5.00000   185.77258
   1.20000     5.00000   186.11587
   1.30000     5.00000   186.28128
   1.40000     5.00000   186.12059
   1.50000     5.00000   186.24254
   1.60000     5.00000   186.55155
   1.70000     5.00000   186.57360
   1.80000     5.00000   186.90404
   1.90000     5.00000   186.39174
   2.00000     5.00000   185.95528
   2.10000     5.00000   186.28111
   2.20000     5.00000   185.71172
   2.30000     5.00000   186.51938
   2.40000     5.00000   186.42556
   2.50000     5.00000   186.03364
   2.60000     5.00000   186.49964
   2.70000     5.00000   186.33586
   2.80000     5.00000   185.94339
   2.90000     5.00000   186.17451
   3.00000     5.00000   186.64938
   3.10000     5.00000   187.24945
   3.20000     5.00000   186.62327
   3.30000     5.00000   187.20353
   3.40000     5.00000   186.50327
   3.50000     5.00000   186.14739
   3.60000     5.00000   185.79442
   3.70000     5.00000   186.86974
   3.80000     5.00000   186.24358
   3.90000     5.00000   186.56733
   4.00000     5.00000   186.63426
   4.10000     5.00000   185.98583
   4.20000     5.00000   186.12544
   4.30000     5.00000   186.19023
   4.40000     5.00000   186.73144
   4.50000     5.00000   186.28114
   4.60000     5.00000   186.35745
   4.70000     5.00000   185.96756
   4.80000     5.00000   185.96604
   4.90000     5.00000   186.22660
   5.00000     5.00000   186.70443
