#     r         beta        Ep   
   0.10000     0.10000   103.05439
   0.20000     0.10000   102.56791
   0.30000     0.10000   102.41320
   0.40000     0.10000   102.56685
   0.50000     0.10000   102.61194
   0.60000     0.10000   102.65341
   0.70000     0.10000   102.14504
   0.80000     0.10000   102.32622
   0.90000     0.10000   102.46292
   1.00000     0.10000   102.41506
   1.10000     0.10000   102.43429
   1.20000     0.10000   102.08101
   1.30000     0.10000   102.36755
   1.40000     0.10000   102.45530
   1.50000     0.10000   102.79816
   1.60000     0.10000   102.66315
   1.70000     0.10000   103.05249
   1.80000     0.10000   102.79360
   1.90000     0.10000   102.08126
   2.00000     0.10000   102.03866
   2.10000     0.10000   102.31692
   2.20000     0.10000   102.45684
   2.30000     0.10000   102.41556
   2.40000     0.10000   102.18122
   2.50000     0.10000   103.07690
   2.60000     0.10000   102.49271
   2.70000     0.10000   102.57516
   2.80000     0.10000   103.11091
   2.90000     0.10000   102.94738
   3.00000     0.10000   102.22794
   3.10000     0.10000   102.70192
   3.20000     0.10000   103.03189
   3.30000     0.10000   102.36626
   3.40000     0.10000   102.52133
   3.50000     0.10000   102.81058
   3.60000     0.10000   102.73443
   3.70000     0.10000   102.86183
   3.80000     0.10000   102.72621
   3.90000     0.10000   102.25288
   4.00000     0.10000   102.80883
   4.10000     0.10000   102.65634
   4.20000     0.10000   103.42680
   4.30000     0.10000   102.56504
   4.40000     0.10000   102.31070
   4.50000     0.10000   102.39158
   4.60000     0.10000   102.98658
   4.70000     0.10000   102.59102
   4.80000     0.10000   102.90842
   4.90000     0.10000   102.57721
   5.00000     0.10000   102.87527
   0.10000     0.20000   102.83224
   0.20000     0.20000   102.31007
   0.30000     0.20000   102.38227
   0.40000     0.20000   102.02257
   0.50000     0.20000   102.07244
   0.60000     0.20000   102.27502
   0.70000     0.20000   102.40616
   0.80000     0.20000   102.18840
   0.90000     0.20000   102.35607
   1.00000     0.20000   102.55917
   1.10000     0.20000   102.47413
   1.20000     0.20000   102.73351
   1.30000     0.20000   102.87405
   1.40000     0.20000   101.91754
   1.50000     0.20000   102.51071
   1.60000     0.20000   102.72888
   1.70000     0.20000   103.16463
   1.80000     0.20000   102.87669
   1.90000     0.20000   102.55832
   2.00000     0.20000   102.92939
   2.10000     0.20000   103.07879
   2.20000     0.20000   102.69215
   2.30000     0.20000   102.32603
   2.40000     0.20000   102.59575
   2.50000     0.20000   102.07190
   2.60000     0.20000   103.21985
   2.70000     0.20000   102.84841
   2.80000     0.20000   102.49839
   2.90000     0.20000   102.24401
   3.00000     0.20000   102.65563
   3.10000     0.20000   102.86124
   3.20000     0.20000   102.43162
   3.30000     0.20000   102.34928
   3.40000     0.20000   102.88480
   3.50000     0.20000   102.65612
   3.60000     0.20000   102.62748
   3.70000     0.20000   102.35562
   3.80000     0.20000   102.58369
   3.90000     0.20000   102.47092
   4.00000     0.20000   102.61496
   4.10000     0.20000   102.72053
   4.20000     0.20000   102.38898
   4.30000     0.20000   102.54292
   4.40000     0.20000   102.74521
   4.50000     0.20000   102.57470
   4.60000     0.20000   102.51486
   4.70000     0.20000   103.34436
   4.80000     0.20000   102.06010
   4.90000     0.20000   102.75245
   5.00000     0.20000   102.70971
   0.10000     0.30000   102.30709
   0.20000     0.30000   101.94766
   0.30000     0.30000   101.66208
   0.40000     0.30000   101.26214
   0.50000     0.30000   101.16225
   0.60000     0.30000   101.41541
   0.70000     0.30000   101.40136
   0.80000     0.30000   102.16929
   0.90000     0.30000   101.88463
   1.00000     0.30000   102.34100
   1.10000     0.30000   102.22013
   1.20000     0.30000   102.71420
   1.30000     0.30000   102.42034
   1.40000     0.30000   102.27425
   1.50000     0.30000   102.72138
   1.60000     0.30000   102.47461
   1.70000     0.30000   102.79692
   1.80000     0.30000   102.86216
   1.90000     0.30000   103.00225
   2.00000     0.30000   102.54778
   2.10000     0.30000   102.54925
   2.20000     0.30000   102.85795
   2.30000     0.30000   102.38418
   2.40000     0.30000   102.84180
   2.50000     0.30000   102.72485
   2.60000     0.30000   102.69487
   2.70000     0.30000   102.71653
   2.80000     0.30000   103.01386
   2.90000     0.30000   103.06358
   3.00000     0.30000   102.71645
   3.10000     0.30000   102.50301
   3.20000     0.30000   102.56388
   3.30000     0.30000   102.83249
   3.40000     0.30000   102.58001
   3.50000     0.30000   102.80458
   3.60000     0.30000   102.57833
   3.70000     0.30000   102.24368
   3.80000     0.30000   102.59190
   3.90000     0.30000   103.12925
   4.00000     0.30000   102.98237
   4.10000     0.30000   102.59310
   4.20000     0.30000   103.19719
   4.30000     0.30000   102.94741
   4.40000     0.30000   102.75741
   4.50000     0.30000   102.78150
   4.60000     0.30000   102.07573
   4.70000     0.30000   102.69242
   4.80000     0.30000   102.67335
   4.90000     0.30000   102.84937
   5.00000     0.30000   102.46531
   0.10000     0.40000   102.56125
   0.20000     0.40000   101.25858
   0.30000     0.40000   100.25456
   0.40000     0.40000    99.91612
   0.50000     0.40000    99.27458
   0.60000     0.40000    99.35489
   0.70000     0.40000    99.97566
   0.80000     0.40000   101.35362
   0.90000     0.40000   101.26219
   1.00000     0.40000   101.93548
   1.10000     0.40000   102.24484
   1.20000     0.40000   102.29793
   1.30000     0.40000   102.30812
   1.40000     0.40000   102.53638
   1.50000     0.40000   102.58903
   1.60000     0.40000   102.49146
   1.70000     0.40000   102.52793
   1.80000     0.40000   102.68540
   1.90000     0.40000   102.64682
   2.00000     0.40000   102.61968
   2.10000     0.40000   103.15493
   2.20000     0.40000   102.69374
   2.30000     0.40000   102.68040
   2.40000     0.40000   102.78812
   2.50000     0.40000   102.42667
   2.60000     0.40000   103.05488
   2.70000     0.40000   102.56442
   2.80000     0.40000   102.72831
   2.90000     0.40000   102.47644
   3.00000     0.40000   102.99308
   3.10000     0.40000   102.55514
   3.20000     0.40000   102.76466
   3.30000     0.40000   102.48861
   3.40000     0.40000   102.39509
   3.50000     0.40000   103.05306
   3.60000     0.40000   102.83920
   3.70000     0.40000   103.05406
   3.80000     0.40000   102.41940
   3.90000     0.40000   102.36120
   4.00000     0.40000   102.53606
   4.10000     0.40000   102.52637
   4.20000     0.40000   102.50965
   4.30000     0.40000   102.92383
   4.40000     0.40000   102.68055
   4.50000     0.40000   102.79167
   4.60000     0.40000   102.38486
   4.70000     0.40000   102.95842
   4.80000     0.40000   102.56883
   4.90000     0.40000   102.60741
   5.00000     0.40000   102.71594
   0.10000     0.50000   102.71181
   0.20000     0.50000   101.91893
   0.30000     0.50000   101.25907
   0.40000     0.50000   100.34411
   0.50000     0.50000    99.11976
   0.60000     0.50000    96.77430
   0.70000     0.50000    97.50110
   0.80000     0.50000    98.93058
   0.90000     0.50000   100.11835
   1.00000     0.50000   101.73191
   1.10000     0.50000   102.28039
   1.20000     0.50000   101.97469
   1.30000     0.50000   102.76278
   1.40000     0.50000   102.23144
   1.50000     0.50000   102.24874
   1.60000     0.50000   103.48015
   1.70000     0.50000   102.90163
   1.80000     0.50000   102.84586
   1.90000     0.50000   102.62997
   2.00000     0.50000   102.36880
   2.10000     0.50000   102.84115
   2.20000     0.50000   102.96625
   2.30000     0.50000   102.44919
   2.40000     0.50000   101.97435
   2.50000     0.50000   102.95732
   2.60000     0.50000   102.47133
   2.70000     0.50000   103.03408
   2.80000     0.50000   102.96031
   2.90000     0.50000   102.62006
   3.00000     0.50000   102.52079
   3.10000     0.50000   102.64502
   3.20000     0.50000   103.09763
   3.30000     0.50000   102.46349
   3.40000     0.50000   102.41263
   3.50000     0.50000   102.80747
   3.60000     0.50000   102.74038
   3.70000     0.50000   102.35679
   3.80000     0.50000   102.87003
   3.90000     0.50000   102.71177
   4.00000     0.50000   102.51105
   4.10000     0.50000   103.07324
   4.20000     0.50000   102.80960
   4.30000     0.50000   102.60683
   4.40000     0.50000   102.72641
   4.50000     0.50000   103.08163
   4.60000     0.50000   102.31515
   4.70000     0.50000   103.16783
   4.80000     0.50000   103.22277
   4.90000     0.50000   102.30143
   5.00000     0.50000   102.81564
   0.10000     0.60000   102.05529
   0.20000     0.60000   101.96434
   0.30000     0.60000   101.26720
   0.40000     0.60000   100.66674
   0.50000     0.60000   100.32847
   0.60000     0.60000    99.77623
   0.70000     0.60000    98.54230
   0.80000     0.60000    98.69518
   0.90000     0.60000    99.39729
   1.00000     0.60000   101.77389
   1.10000     0.60000   102.41616
   1.20000     0.60000   102.16674
   1.30000     0.60000   102.81376
   1.40000     0.60000   102.37724
   1.50000     0.60000   102.16048
   1.60000     0.60000   102.69357
   1.70000     0.60000   102.76190
   1.80000     0.60000   102.24948
   1.90000     0.60000   102.51030
   2.00000     0.60000   102.53007
   2.10000     0.60000   103.19060
   2.20000     0.60000   103.07192
   2.30000     0.60000   102.75527
   2.40000     0.60000   102.80130
   2.50000     0.60000   103.04859
   2.60000     0.60000   102.50449
   2.70000     0.60000   103.12208
   2.80000     0.60000   102.46146
   2.90000     0.60000   102.52546
   3.00000     0.60000   102.42005
   3.10000     0.60000   102.47041
   3.20000     0.60000   102.67641
   3.30000     0.60000   102.74974
   3.40000     0.60000   102.85232
   3.50000     0.60000   102.94476
   3.60000     0.60000   103.13635
   3.70000     0.60000   102.91945
   3.80000     0.60000   102.23536
   3.90000     0.60000   102.74501
   4.00000     0.60000   102.84421
   4.10000     0.60000   102.36562
   4.20000     0.60000   102.27019
   4.30000     0.60000   102.42128
   4.40000     0.60000   102.61514
   4.50000     0.60000   102.54464
   4.60000     0.60000   103.04144
   4.70000     0.60000   102.84425
   4.80000     0.60000   102.48968
   4.90000     0.60000   102.27777
   5.00000     0.60000   102.51455
   0.10000     0.70000   102.27441
   0.20000     0.70000   101.77888
   0.30000     0.70000   101.56681
   0.40000     0.70000   100.79546
   0.50000     0.70000   100.77677
   0.60000     0.70000    99.68004
   0.70000     0.70000    98.62213
   0.80000     0.70000    98.07649
   0.90000     0.70000    97.33386
   1.00000     0.70000    96.75734
   1.10000     0.70000   102.13924
   1.20000     0.70000   102.57724
   1.30000     0.70000   103.02898
   1.40000     0.70000   102.97767
   1.50000     0.70000   102.81689
   1.60000     0.70000   102.69305
   1.70000     0.70000   102.71679
   1.80000     0.70000   102.58328
   1.90000     0.70000   102.58340
   2.00000     0.70000   102.64635
   2.10000     0.70000   103.08122
   2.20000     0.70000   102.74133
   2.30000     0.70000   102.76457
   2.40000     0.70000   103.14326
   2.50000     0.70000   102.70549
   2.60000     0.70000   102.59053
   2.70000     0.70000   102.88709
   2.80000     0.70000   102.45361
   2.90000     0.70000   102.94695
   3.00000     0.70000   103.00219
   3.10000     0.70000   102.48325
   3.20000     0.70000   102.71332
   3.30000     0.70000   103.14411
   3.40000     0.70000   102.82149
   3.50000     0.70000   102.94863
   3.60000     0.70000   102.63292
   3.70000     0.70000   102.34548
   3.80000     0.70000   102.74372
   3.90000     0.70000   102.68061
   4.00000     0.70000   102.36109
   4.10000     0.70000   102.61904
   4.20000     0.70000   102.65405
   4.30000     0.70000   102.95515
   4.40000     0.70000   102.82612
   4.50000     0.70000   102.47242
   4.60000     0.70000   102.69573
   4.70000     0.70000   102.90822
   4.80000     0.70000   102.64219
   4.90000     0.70000   102.75231
   5.00000     0.70000   102.72030
   0.10000     0.80000   102.56135
   0.20000     0.80000   101.76288
   0.30000     0.80000   100.99480
   0.40000     0.80000   100.55281
   0.50000     0.80000    99.99528
   0.60000     0.80000    99.05852
   0.70000     0.80000    98.77116
   0.80000     0.80000    97.84954
   0.90000     0.80000    96.62220
   1.00000     0.80000    95.46439
   1.10000     0.80000    95.12195
   1.20000     0.80000   102.81803
   1.30000     0.80000   102.70143
   1.40000     0.80000   102.71572
   1.50000     0.80000   102.84342
   1.60000     0.80000   102.40211
   1.70000     0.80000   102.75984
   1.80000     0.80000   102.70273
   1.90000     0.80000   102.42396
   2.00000     0.80000   102.95159
   2.10000     0.80000   102.84036
   2.20000     0.80000   102.43218
   2.30000     0.80000   102.90877
   2.40000     0.80000   102.86702
   2.50000     0.80000   102.80008
   2.60000     0.80000   102.75007
   2.70000     0.80000   102.51729
   2.80000     0.80000   102.60342
   2.90000     0.80000   102.42511
   3.00000     0.80000   102.64133
   3.10000     0.80000   102.49389
   3.20000     0.80000   102.96754
   3.30000     0.80000   102.67299
   3.40000     0.80000   102.40810
   3.50000     0.80000   102.81659
   3.60000     0.80000   102.53703
   3.70000     0.80000   102.26885
   3.80000     0.80000   103.12990
   3.90000     0.80000   102.58649
   4.00000     0.80000   102.67982
   4.10000     0.80000   102.92154
   4.20000     0.80000   102.77044
   4.30000     0.80000   102.96762
   4.40000     0.80000   103.07698
   4.50000     0.80000   102.25462
   4.60000     0.80000   103.24080
   4.70000     0.80000   102.56993
   4.80000     0.80000   102.93127
   4.90000     0.80000   102.50119
   5.00000     0.80000   102.28915
   0.10000     0.90000   102.15411
   0.20000     0.90000   102.04674
   0.30000     0.90000   101.06299
   0.40000     0.90000   100.29110
   0.50000     0.90000    99.50096
   0.60000     0.90000    98.87561
   0.70000     0.90000    98.28382
   0.80000     0.90000    97.43295
   0.90000     0.90000    96.54855
   1.00000     0.90000    95.86641
   1.10000     0.90000    94.54621
   1.20000     0.90000    93.56277
   1.30000     0.90000   102.82445
   1.40000     0.90000   102.55631
   1.50000     0.90000   102.57636
   1.60000     0.90000   102.76640
   1.70000     0.90000   102.24426
   1.80000     0.90000   102.60421
   1.90000     0.90000   102.69270
   2.00000     0.90000   103.00370
   2.10000     0.90000   102.74510
   2.20000     0.90000   102.23203
   2.30000     0.90000   102.34341
   2.40000     0.90000   102.84414
   2.50000     0.90000   102.67767
   2.60000     0.90000   102.40385
   2.70000     0.90000   102.59875
   2.80000     0.90000   103.14046
   2.90000     0.90000   102.63732
   3.00000     0.90000   102.96955
   3.10000     0.90000   102.68050
   3.20000     0.90000   102.76479
   3.30000     0.90000   102.31565
   3.40000     0.90000   102.71562
   3.50000     0.90000   102.62304
   3.60000     0.90000   102.99815
   3.70000     0.90000   102.82093
   3.80000     0.90000   102.95413
   3.90000     0.90000   102.89588
   4.00000     0.90000   102.61702
   4.10000     0.90000   102.36083
   4.20000     0.90000   102.99644
   4.30000     0.90000   102.34878
   4.40000     0.90000   102.41709
   4.50000     0.90000   102.74451
   4.60000     0.90000   102.69723
   4.70000     0.90000   102.54880
   4.80000     0.90000   102.72364
   4.90000     0.90000   103.16968
   5.00000     0.90000   102.80825
   0.10000     1.00000   102.89245
   0.20000     1.00000   101.03372
   0.30000     1.00000   100.95674
   0.40000     1.00000   100.05707
   0.50000     1.00000    99.60090
   0.60000     1.00000    98.85837
   0.70000     1.00000    97.71326
   0.80000     1.00000    96.87280
   0.90000     1.00000    95.98637
   1.00000     1.00000    94.93827
   1.10000     1.00000    93.93525
   1.20000     1.00000    93.52518
   1.30000     1.00000   102.59561
   1.40000     1.00000   102.85314
   1.50000     1.00000   102.67055
   1.60000     1.00000   102.70405
   1.70000     1.00000   102.86237
   1.80000     1.00000   102.35018
   1.90000     1.00000   102.65337
   2.00000     1.00000   102.90496
   2.10000     1.00000   102.14146
   2.20000     1.00000   102.48213
   2.30000     1.00000   102.85513
   2.40000     1.00000   102.76534
   2.50000     1.00000   102.46547
   2.60000     1.00000   102.63275
   2.70000     1.00000   102.68187
   2.80000     1.00000   102.65176
   2.90000     1.00000   102.39705
   3.00000     1.00000   102.99152
   3.10000     1.00000   102.97428
   3.20000     1.00000   103.19166
   3.30000     1.00000   102.82297
   3.40000     1.00000   102.80711
   3.50000     1.00000   102.01133
   3.60000     1.00000   102.84571
   3.70000     1.00000   102.25353
   3.80000     1.00000   102.67186
   3.90000     1.00000   102.66415
   4.00000     1.00000   102.60448
   4.10000     1.00000   103.43894
   4.20000     1.00000   102.99391
   4.30000     1.00000   102.48668
   4.40000     1.00000   102.01787
   4.50000     1.00000   102.64807
   4.60000     1.00000   102.57809
   4.70000     1.00000   102.50604
   4.80000     1.00000   102.53503
   4.90000     1.00000   102.83120
   5.00000     1.00000   102.96756
   0.10000     1.10000   101.95769
   0.20000     1.10000   101.76000
   0.30000     1.10000   100.40285
   0.40000     1.10000   100.20323
   0.50000     1.10000    99.81095
   0.60000     1.10000    98.50118
   0.70000     1.10000    97.38716
   0.80000     1.10000    96.67928
   0.90000     1.10000    95.61711
   1.00000     1.10000    94.18852
   1.10000     1.10000    93.81272
   1.20000     1.10000    92.22882
   1.30000     1.10000   102.86880
   1.40000     1.10000   102.94737
   1.50000     1.10000   102.93123
   1.60000     1.10000   103.17695
   1.70000     1.10000   103.22774
   1.80000     1.10000   102.86449
   1.90000     1.10000   102.60281
   2.00000     1.10000   102.42990
   2.10000     1.10000   102.63294
   2.20000     1.10000   102.97875
   2.30000     1.10000   102.66073
   2.40000     1.10000   102.69348
   2.50000     1.10000   102.35275
   2.60000     1.10000   102.84754
   2.70000     1.10000   102.62338
   2.80000     1.10000   102.55499
   2.90000     1.10000   102.84521
   3.00000     1.10000   102.98722
   3.10000     1.10000   102.26436
   3.20000     1.10000   102.58454
   3.30000     1.10000   102.67663
   3.40000     1.10000   103.17443
   3.50000     1.10000   102.91689
   3.60000     1.10000   102.74174
   3.70000     1.10000   102.28455
   3.80000     1.10000   102.51555
   3.90000     1.10000   102.29049
   4.00000     1.10000   102.73395
   4.10000     1.10000   102.90021
   4.20000     1.10000   102.45687
   4.30000     1.10000   102.57505
   4.40000     1.10000   102.49423
   4.50000     1.10000   102.48145
   4.60000     1.10000   102.93305
   4.70000     1.10000   102.69151
   4.80000     1.10000   103.22347
   4.90000     1.10000   102.52742
   5.00000     1.10000   102.84087
   0.10000     1.20000   101.90118
   0.20000     1.20000   101.64484
   0.30000     1.20000   100.66743
   0.40000     1.20000    99.92612
   0.50000     1.20000    99.10900
   0.60000     1.20000    98.11190
   0.70000     1.20000    97.02967
   0.80000     1.20000    96.19863
   0.90000     1.20000    94.89345
   1.00000     1.20000    94.09648
   1.10000     1.20000    92.79736
   1.20000     1.20000    92.04229
   1.30000     1.20000   102.28503
   1.40000     1.20000   102.33073
   1.50000     1.20000   102.72682
   1.60000     1.20000   102.58500
   1.70000     1.20000   102.21426
   1.80000     1.20000   102.91276
   1.90000     1.20000   102.77566
   2.00000     1.20000   102.54175
   2.10000     1.20000   102.71411
   2.20000     1.20000   102.96180
   2.30000     1.20000   102.87476
   2.40000     1.20000   102.45657
   2.50000     1.20000   102.52033
   2.60000     1.20000   102.70681
   2.70000     1.20000   102.69566
   2.80000     1.20000   103.09087
   2.90000     1.20000   102.74082
   3.00000     1.20000   102.61783
   3.10000     1.20000   102.68915
   3.20000     1.20000   103.23006
   3.30000     1.20000   102.73143
   3.40000     1.20000   102.95572
   3.50000     1.20000   102.63167
   3.60000     1.20000   102.35531
   3.70000     1.20000   102.64406
   3.80000     1.20000   102.45128
   3.90000     1.20000   102.91961
   4.00000     1.20000   102.53799
   4.10000     1.20000   102.46490
   4.20000     1.20000   102.57197
   4.30000     1.20000   102.81946
   4.40000     1.20000   102.92268
   4.50000     1.20000   103.03373
   4.60000     1.20000   102.65375
   4.70000     1.20000   102.60391
   4.80000     1.20000   102.44706
   4.90000     1.20000   102.68659
   5.00000     1.20000   102.40986
   0.10000     1.30000   101.94223
   0.20000     1.30000   101.45114
   0.30000     1.30000   100.37968
   0.40000     1.30000   100.25777
   0.50000     1.30000    98.74278
   0.60000     1.30000    98.24928
   0.70000     1.30000    96.99441
   0.80000     1.30000    95.61434
   0.90000     1.30000    94.02723
   1.00000     1.30000    93.24471
   1.10000     1.30000    92.36107
   1.20000     1.30000    91.54734
   1.30000     1.30000    90.65204
   1.40000     1.30000   102.63918
   1.50000     1.30000   102.39897
   1.60000     1.30000   102.31991
   1.70000     1.30000   102.47332
   1.80000     1.30000   102.93590
   1.90000     1.30000   102.86347
   2.00000     1.30000   102.86201
   2.10000     1.30000   102.64688
   2.20000     1.30000   102.41251
   2.30000     1.30000   102.49350
   2.40000     1.30000   102.24616
   2.50000     1.30000   102.62690
   2.60000     1.30000   102.51480
   2.70000     1.30000   102.80142
   2.80000     1.30000   102.70094
   2.90000     1.30000   102.94106
   3.00000     1.30000   102.67687
   3.10000     1.30000   102.66973
   3.20000     1.30000   102.54591
   3.30000     1.30000   103.17610
   3.40000     1.30000   102.69218
   3.50000     1.30000   102.76481
   3.60000     1.30000   102.81294
   3.70000     1.30000   102.76566
   3.80000     1.30000   102.53258
   3.90000     1.30000   102.88935
   4.00000     1.30000   102.40749
   4.10000     1.30000   102.28286
   4.20000     1.30000   102.83787
   4.30000     1.30000   102.67220
   4.40000     1.30000   102.40957
   4.50000     1.30000   102.60640
   4.60000     1.30000   102.27015
   4.70000     1.30000   102.54462
   4.80000     1.30000   102.30088
   4.90000     1.30000   102.37399
   5.00000     1.30000   103.00230
   0.10000     1.40000   102.15218
   0.20000     1.40000   101.33842
   0.30000     1.40000   100.59680
   0.40000     1.40000    99.78968
   0.50000     1.40000    98.49916
   0.60000     1.40000    97.29264
   0.70000     1.40000    96.63566
   0.80000     1.40000    95.08561
   0.90000     1.40000    94.20598
   1.00000     1.40000    92.71880
   1.10000     1.40000    91.77408
   1.20000     1.40000    90.62628
   1.30000     1.40000    90.12110
   1.40000     1.40000   102.72774
   1.50000     1.40000   103.04594
   1.60000     1.40000   102.83687
   1.70000     1.40000   102.57275
   1.80000     1.40000   102.89774
   1.90000     1.40000   102.70226
   2.00000     1.40000   102.36009
   2.10000     1.40000   102.83150
   2.20000     1.40000   102.50734
   2.30000     1.40000   102.64066
   2.40000     1.40000   102.61708
   2.50000     1.40000   102.87376
   2.60000     1.40000   102.23039
   2.70000     1.40000   101.98833
   2.80000     1.40000   102.70351
   2.90000     1.40000   103.16147
   3.00000     1.40000   102.72000
   3.10000     1.40000   103.18775
   3.20000     1.40000   102.56604
   3.30000     1.40000   102.50098
   3.40000     1.40000   102.44228
   3.50000     1.40000   102.56041
   3.60000     1.40000   102.67458
   3.70000     1.40000   102.95770
   3.80000     1.40000   102.90800
   3.90000     1.40000   102.80586
   4.00000     1.40000   102.89269
   4.10000     1.40000   102.90582
   4.20000     1.40000   102.53285
   4.30000     1.40000   102.88990
   4.40000     1.40000   102.93644
   4.50000     1.40000   102.66372
   4.60000     1.40000   102.35992
   4.70000     1.40000   102.66285
   4.80000     1.40000   102.85970
   4.90000     1.40000   102.67508
   5.00000     1.40000   102.42300
   0.10000     1.50000   102.16449
   0.20000     1.50000   101.44791
   0.30000     1.50000    99.87799
   0.40000     1.50000    98.95864
   0.50000     1.50000    98.14804
   0.60000     1.50000    96.96007
   0.70000     1.50000    95.34797
   0.80000     1.50000    95.04794
   0.90000     1.50000    93.33981
   1.00000     1.50000    92.38633
   1.10000     1.50000    91.00807
   1.20000     1.50000    90.48541
   1.30000     1.50000    89.15485
   1.40000     1.50000   102.83627
   1.50000     1.50000   102.56518
   1.60000     1.50000   102.94130
   1.70000     1.50000   102.35997
   1.80000     1.50000   102.54833
   1.90000     1.50000   102.78038
   2.00000     1.50000   103.02620
   2.10000     1.50000   102.67302
   2.20000     1.50000   102.46062
   2.30000     1.50000   103.09087
   2.40000     1.50000   103.04775
   2.50000     1.50000   102.40154
   2.60000     1.50000   102.25178
   2.70000     1.50000   102.46573
   2.80000     1.50000   102.60192
   2.90000     1.50000   102.19310
   3.00000     1.50000   102.60254
   3.10000     1.50000   102.86154
   3.20000     1.50000   103.09467
   3.30000     1.50000   102.68702
   3.40000     1.50000   102.52864
   3.50000     1.50000   102.84091
   3.60000     1.50000   102.65121
   3.70000     1.50000   102.82115
   3.80000     1.50000   102.78720
   3.90000     1.50000   102.66667
   4.00000     1.50000   102.75762
   4.10000     1.50000   103.08131
   4.20000     1.50000   102.70041
   4.30000     1.50000   102.85144
   4.40000     1.50000   102.62103
   4.50000     1.50000   102.68590
   4.60000     1.50000   102.77939
   4.70000     1.50000   102.49471
   4.80000     1.50000   102.75066
   4.90000     1.50000   102.35019
   5.00000     1.50000   103.21845
   0.10000     1.60000   101.58962
   0.20000     1.60000   101.33354
   0.30000     1.60000    99.89603
   0.40000     1.60000    98.88911
   0.50000     1.60000    97.89395
   0.60000     1.60000    96.68342
   0.70000     1.60000    95.26091
   0.80000     1.60000    94.58570
   0.90000     1.60000    93.04264
   1.00000     1.60000    91.70576
   1.10000     1.60000    90.99950
   1.20000     1.60000    90.18411
   1.30000     1.60000   103.21275
   1.40000     1.60000   102.87210
   1.50000     1.60000   102.41810
   1.60000     1.60000   102.81010
   1.70000     1.60000   103.02461
   1.80000     1.60000   102.60015
   1.90000     1.60000   102.57549
   2.00000     1.60000   102.88903
   2.10000     1.60000   102.76433
   2.20000     1.60000   102.96518
   2.30000     1.60000   102.13870
   2.40000     1.60000   103.21896
   2.50000     1.60000   102.56011
   2.60000     1.60000   102.57479
   2.70000     1.60000   102.81561
   2.80000     1.60000   102.04286
   2.90000     1.60000   102.88462
   3.00000     1.60000   103.10129
   3.10000     1.60000   102.67252
   3.20000     1.60000   102.17902
   3.30000     1.60000   102.74905
   3.40000     1.60000   102.32160
   3.50000     1.60000   102.45591
   3.60000     1.60000   102.71910
   3.70000     1.60000   102.56613
   3.80000     1.60000   102.40943
   3.90000     1.60000   102.78264
   4.00000     1.60000   102.70958
   4.10000     1.60000   102.93143
   4.20000     1.60000   102.57099
   4.30000     1.60000   102.46766
   4.40000     1.60000   102.87142
   4.50000     1.60000   102.82003
   4.60000     1.60000   102.86757
   4.70000     1.60000   102.28222
   4.80000     1.60000   102.92903
   4.90000     1.60000   102.65981
   5.00000     1.60000   102.70209
   0.10000     1.70000   102.14780
   0.20000     1.70000   101.11078
   0.30000     1.70000   100.48402
   0.40000     1.70000    98.75660
   0.50000     1.70000    97.65300
   0.60000     1.70000    96.82759
   0.70000     1.70000    94.95295
   0.80000     1.70000    93.58553
   0.90000     1.70000    92.20207
   1.00000     1.70000    91.42352
   1.10000     1.70000    90.35499
   1.20000     1.70000    90.09765
   1.30000     1.70000   102.91328
   1.40000     1.70000   102.71221
   1.50000     1.70000   102.83964
   1.60000     1.70000   102.48321
   1.70000     1.70000   102.43763
   1.80000     1.70000   102.71603
   1.90000     1.70000   102.16884
   2.00000     1.70000   103.19351
   2.10000     1.70000   103.11053
   2.20000     1.70000   102.81208
   2.30000     1.70000   102.57501
   2.40000     1.70000   102.70149
   2.50000     1.70000   102.80974
   2.60000     1.70000   102.83595
   2.70000     1.70000   102.85093
   2.80000     1.70000   102.76218
   2.90000     1.70000   102.23849
   3.00000     1.70000   102.68789
   3.10000     1.70000   102.59009
   3.20000     1.70000   102.93185
   3.30000     1.70000   102.33530
   3.40000     1.70000   102.80766
   3.50000     1.70000   102.56944
   3.60000     1.70000   102.77519
   3.70000     1.70000   102.69645
   3.80000     1.70000   102.71146
   3.90000     1.70000   102.79643
   4.00000     1.70000   102.71212
   4.10000     1.70000   102.79989
   4.20000     1.70000   102.93810
   4.30000     1.70000   102.40759
   4.40000     1.70000   102.77490
   4.50000     1.70000   103.24267
   4.60000     1.70000   102.56990
   4.70000     1.70000   102.72139
   4.80000     1.70000   102.84080
   4.90000     1.70000   102.69843
   5.00000     1.70000   102.37795
   0.10000     1.80000   101.30081
   0.20000     1.80000   100.88323
   0.30000     1.80000   100.35991
   0.40000     1.80000    99.36010
   0.50000     1.80000    97.36281
   0.60000     1.80000    96.21068
   0.70000     1.80000    95.01301
   0.80000     1.80000    93.18774
   0.90000     1.80000    92.57735
   1.00000     1.80000    90.82338
   1.10000     1.80000    89.69896
   1.20000     1.80000    89.13909
   1.30000     1.80000   102.81335
   1.40000     1.80000   102.14243
   1.50000     1.80000   102.82457
   1.60000     1.80000   102.66823
   1.70000     1.80000   102.50577
   1.80000     1.80000   102.87523
   1.90000     1.80000   102.50550
   2.00000     1.80000   102.45373
   2.10000     1.80000   102.64404
   2.20000     1.80000   103.12470
   2.30000     1.80000   102.82527
   2.40000     1.80000   102.89801
   2.50000     1.80000   102.56010
   2.60000     1.80000   102.43015
   2.70000     1.80000   102.66050
   2.80000     1.80000   102.69757
   2.90000     1.80000   102.93402
   3.00000     1.80000   102.84655
   3.10000     1.80000   102.35807
   3.20000     1.80000   102.51403
   3.30000     1.80000   102.80964
   3.40000     1.80000   102.49410
   3.50000     1.80000   102.86228
   3.60000     1.80000   102.51871
   3.70000     1.80000   102.80957
   3.80000     1.80000   102.45097
   3.90000     1.80000   102.37290
   4.00000     1.80000   102.45549
   4.10000     1.80000   102.84882
   4.20000     1.80000   102.63183
   4.30000     1.80000   102.28131
   4.40000     1.80000   102.50815
   4.50000     1.80000   102.76543
   4.60000     1.80000   102.51128
   4.70000     1.80000   102.78408
   4.80000     1.80000   102.87765
   4.90000     1.80000   102.81792
   5.00000     1.80000   102.49279
   0.10000     1.90000   102.07681
   0.20000     1.90000   101.40145
   0.30000     1.90000    99.93305
   0.40000     1.90000    98.66498
   0.50000     1.90000    97.40954
   0.60000     1.90000    95.76481
   0.70000     1.90000    94.25214
   0.80000     1.90000    92.94119
   0.90000     1.90000    91.89752
   1.00000     1.90000    90.58740
   1.10000     1.90000    89.75110
   1.20000     1.90000    88.94137
   1.30000     1.90000   102.64490
   1.40000     1.90000   103.06951
   1.50000     1.90000   102.38308
   1.60000     1.90000   102.73967
   1.70000     1.90000   102.86301
   1.80000     1.90000   102.63270
   1.90000     1.90000   102.95087
   2.00000     1.90000   102.56422
   2.10000     1.90000   102.53666
   2.20000     1.90000   102.63394
   2.30000     1.90000   102.52193
   2.40000     1.90000   103.12708
   2.50000     1.90000   102.77751
   2.60000     1.90000   102.93277
   2.70000     1.90000   102.60387
   2.80000     1.90000   102.98997
   2.90000     1.90000   102.45692
   3.00000     1.90000   102.32352
   3.10000     1.90000   102.41449
   3.20000     1.90000   102.12705
   3.30000     1.90000   102.81348
   3.40000     1.90000   102.87975
   3.50000     1.90000   102.50067
   3.60000     1.90000   102.60109
   3.70000     1.90000   102.44778
   3.80000     1.90000   102.44527
   3.90000     1.90000   102.89837
   4.00000     1.90000   102.59806
   4.10000     1.90000   102.47664
   4.20000     1.90000   103.02282
   4.30000     1.90000   102.35488
   4.40000     1.90000   102.66839
   4.50000     1.90000   102.48450
   4.60000     1.90000   102.47573
   4.70000     1.90000   102.96281
   4.80000     1.90000   103.02621
   4.90000     1.90000   102.90931
   5.00000     1.90000   102.51111
   0.10000     2.00000   102.05151
   0.20000     2.00000   100.61236
   0.30000     2.00000   100.18857
   0.40000     2.00000    97.96700
   0.50000     2.00000    96.91813
   0.60000     2.00000    95.55788
   0.70000     2.00000    94.14537
   0.80000     2.00000    92.45176
   0.90000     2.00000    91.38763
   1.00000     2.00000    90.45153
   1.10000     2.00000    89.36449
   1.20000     2.00000    88.39361
   1.30000     2.00000   103.03147
   1.40000     2.00000   103.18053
   1.50000     2.00000   102.48397
   1.60000     2.00000   102.65600
   1.70000     2.00000   102.54622
   1.80000     2.00000   102.87000
   1.90000     2.00000   102.70625
   2.00000     2.00000   102.77898
   2.10000     2.00000   102.88871
   2.20000     2.00000   102.41619
   2.30000     2.00000   102.85137
   2.40000     2.00000   102.77489
   2.50000     2.00000   102.29266
   2.60000     2.00000   102.78052
   2.70000     2.00000   102.43555
   2.80000     2.00000   102.61170
   2.90000     2.00000   102.60619
   3.00000     2.00000   102.66084
   3.10000     2.00000   103.25402
   3.20000     2.00000   102.08200
   3.30000     2.00000   102.71889
   3.40000     2.00000   102.58311
   3.50000     2.00000   102.55922
   3.60000     2.00000   102.64860
   3.70000     2.00000   102.81442
   3.80000     2.00000   102.38875
   3.90000     2.00000   102.81311
   4.00000     2.00000   103.08891
   4.10000     2.00000   102.67714
   4.20000     2.00000   102.25972
   4.30000     2.00000   102.97776
   4.40000     2.00000   102.18880
   4.50000     2.00000   102.57925
   4.60000     2.00000   102.55740
   4.70000     2.00000   102.56992
   4.80000     2.00000   102.77503
   4.90000     2.00000   102.57157
   5.00000     2.00000   102.12273
   0.10000     2.10000   101.83464
   0.20000     2.10000   100.93250
   0.30000     2.10000   100.11826
   0.40000     2.10000    98.05865
   0.50000     2.10000    96.68205
   0.60000     2.10000    95.24002
   0.70000     2.10000    93.59969
   0.80000     2.10000    92.50794
   0.90000     2.10000    90.91661
   1.00000     2.10000    90.00306
   1.10000     2.10000    89.11401
   1.20000     2.10000    88.41511
   1.30000     2.10000   102.81502
   1.40000     2.10000   102.65643
   1.50000     2.10000   102.51878
   1.60000     2.10000   102.96702
   1.70000     2.10000   103.15064
   1.80000     2.10000   102.48776
   1.90000     2.10000   102.54206
   2.00000     2.10000   102.09033
   2.10000     2.10000   102.74044
   2.20000     2.10000   102.00976
   2.30000     2.10000   102.90234
   2.40000     2.10000   102.75828
   2.50000     2.10000   102.78562
   2.60000     2.10000   102.60843
   2.70000     2.10000   102.80490
   2.80000     2.10000   102.87499
   2.90000     2.10000   102.80737
   3.00000     2.10000   102.72106
   3.10000     2.10000   102.64560
   3.20000     2.10000   102.58882
   3.30000     2.10000   103.02208
   3.40000     2.10000   102.70827
   3.50000     2.10000   102.56828
   3.60000     2.10000   102.83823
   3.70000     2.10000   102.70810
   3.80000     2.10000   103.04503
   3.90000     2.10000   102.59485
   4.00000     2.10000   102.82219
   4.10000     2.10000   102.51878
   4.20000     2.10000   102.68189
   4.30000     2.10000   102.69757
   4.40000     2.10000   102.41700
   4.50000     2.10000   102.65390
   4.60000     2.10000   102.57080
   4.70000     2.10000   102.52533
   4.80000     2.10000   102.24799
   4.90000     2.10000   102.58226
   5.00000     2.10000   102.58876
   0.10000     2.20000   102.04889
   0.20000     2.20000   100.57773
   0.30000     2.20000    99.82866
   0.40000     2.20000    98.34255
   0.50000     2.20000    96.70800
   0.60000     2.20000    95.39738
   0.70000     2.20000    93.53887
   0.80000     2.20000    91.84258
   0.90000     2.20000    90.59689
   1.00000     2.20000    89.62519
   1.10000     2.20000    88.90764
   1.20000     2.20000    88.35583
   1.30000     2.20000   103.23259
   1.40000     2.20000   101.73665
   1.50000     2.20000   103.01377
   1.60000     2.20000   102.34762
   1.70000     2.20000   102.75530
   1.80000     2.20000   102.62971
   1.90000     2.20000   102.36873
   2.00000     2.20000   102.65336
   2.10000     2.20000   102.65827
   2.20000     2.20000   102.36898
   2.30000     2.20000   102.53478
   2.40000     2.20000   102.56315
   2.50000     2.20000   102.24760
   2.60000     2.20000   102.51531
   2.70000     2.20000   102.90531
   2.80000     2.20000   102.94271
   2.90000     2.20000   102.42494
   3.00000     2.20000   102.82098
   3.10000     2.20000   102.86576
   3.20000     2.20000   103.03553
   3.30000     2.20000   102.77786
   3.40000     2.20000   103.09827
   3.50000     2.20000   102.60764
   3.60000     2.20000   102.58968
   3.70000     2.20000   102.83873
   3.80000     2.20000   102.71937
   3.90000     2.20000   102.51965
   4.00000     2.20000   102.75630
   4.10000     2.20000   102.64960
   4.20000     2.20000   102.57073
   4.30000     2.20000   102.92078
   4.40000     2.20000   102.50297
   4.50000     2.20000   102.63720
   4.60000     2.20000   102.52118
   4.70000     2.20000   102.81783
   4.80000     2.20000   102.85999
   4.90000     2.20000   102.79541
   5.00000     2.20000   102.67596
   0.10000     2.30000   101.41408
   0.20000     2.30000   100.58169
   0.30000     2.30000    99.35114
   0.40000     2.30000    98.30923
   0.50000     2.30000    96.29992
   0.60000     2.30000    94.70346
   0.70000     2.30000    93.39671
   0.80000     2.30000    91.27044
   0.90000     2.30000    90.77512
   1.00000     2.30000    89.44961
   1.10000     2.30000    88.58608
   1.20000     2.30000    88.32994
   1.30000     2.30000   102.94201
   1.40000     2.30000   102.47050
   1.50000     2.30000   102.92490
   1.60000     2.30000   102.56161
   1.70000     2.30000   102.83244
   1.80000     2.30000   102.59251
   1.90000     2.30000   102.78619
   2.00000     2.30000   102.44898
   2.10000     2.30000   102.94461
   2.20000     2.30000   103.10912
   2.30000     2.30000   102.43406
   2.40000     2.30000   103.28954
   2.50000     2.30000   102.35322
   2.60000     2.30000   102.63241
   2.70000     2.30000   102.57776
   2.80000     2.30000   103.00314
   2.90000     2.30000   102.84921
   3.00000     2.30000   102.84114
   3.10000     2.30000   102.46983
   3.20000     2.30000   102.92572
   3.30000     2.30000   103.18963
   3.40000     2.30000   102.52569
   3.50000     2.30000   102.91884
   3.60000     2.30000   102.45762
   3.70000     2.30000   103.17270
   3.80000     2.30000   102.58618
   3.90000     2.30000   102.37283
   4.00000     2.30000   102.71982
   4.10000     2.30000   102.60583
   4.20000     2.30000   102.54092
   4.30000     2.30000   102.46685
   4.40000     2.30000   102.71583
   4.50000     2.30000   103.08231
   4.60000     2.30000   102.92592
   4.70000     2.30000   102.26554
   4.80000     2.30000   102.63300
   4.90000     2.30000   102.81306
   5.00000     2.30000   102.51385
   0.10000     2.40000   101.69337
   0.20000     2.40000   100.64648
   0.30000     2.40000    99.98208
   0.40000     2.40000    97.93885
   0.50000     2.40000    95.98780
   0.60000     2.40000    94.66432
   0.70000     2.40000    92.91186
   0.80000     2.40000    91.04511
   0.90000     2.40000    90.11950
   1.00000     2.40000    89.01950
   1.10000     2.40000    88.41431
   1.20000     2.40000    88.52334
   1.30000     2.40000   102.32335
   1.40000     2.40000   102.74654
   1.50000     2.40000   103.12352
   1.60000     2.40000   102.03598
   1.70000     2.40000   102.42468
   1.80000     2.40000   102.49477
   1.90000     2.40000   102.61712
   2.00000     2.40000   102.72015
   2.10000     2.40000   102.81144
   2.20000     2.40000   102.44119
   2.30000     2.40000   102.96407
   2.40000     2.40000   102.72317
   2.50000     2.40000   102.60068
   2.60000     2.40000   102.84563
   2.70000     2.40000   103.06690
   2.80000     2.40000   102.43895
   2.90000     2.40000   102.93735
   3.00000     2.40000   102.79432
   3.10000     2.40000   102.28579
   3.20000     2.40000   102.58539
   3.30000     2.40000   102.40014
   3.40000     2.40000   102.64405
   3.50000     2.40000   102.40904
   3.60000     2.40000   102.70971
   3.70000     2.40000   102.33703
   3.80000     2.40000   102.98301
   3.90000     2.40000   102.61333
   4.00000     2.40000   102.76650
   4.10000     2.40000   102.36578
   4.20000     2.40000   102.45371
   4.30000     2.40000   102.39414
   4.40000     2.40000   102.99298
   4.50000     2.40000   103.14524
   4.60000     2.40000   102.63643
   4.70000     2.40000   102.94625
   4.80000     2.40000   103.09068
   4.90000     2.40000   102.88165
   5.00000     2.40000   102.77046
   0.10000     2.50000   101.40051
   0.20000     2.50000   100.85225
   0.30000     2.50000    99.21853
   0.40000     2.50000    97.55570
   0.50000     2.50000    95.79588
   0.60000     2.50000    94.55086
   0.70000     2.50000    92.54913
   0.80000     2.50000    91.00509
   0.90000     2.50000    89.99505
   1.00000     2.50000    88.76216
   1.10000     2.50000    88.06762
   1.20000     2.50000    88.49567
   1.30000     2.50000   102.69295
   1.40000     2.50000   103.22943
   1.50000     2.50000   102.82575
   1.60000     2.50000   102.51494
   1.70000     2.50000   102.62951
   1.80000     2.50000   102.86784
   1.90000     2.50000   102.86806
   2.00000     2.50000   102.37362
   2.10000     2.50000   102.92252
   2.20000     2.50000   102.92230
   2.30000     2.50000   102.48053
   2.40000     2.50000   102.45185
   2.50000     2.50000   102.70735
   2.60000     2.50000   102.79722
   2.70000     2.50000   102.26362
   2.80000     2.50000   102.72765
   2.90000     2.50000   102.96018
   3.00000     2.50000   103.11448
   3.10000     2.50000   102.76521
   3.20000     2.50000   102.57424
   3.30000     2.50000   102.51902
   3.40000     2.50000   103.43988
   3.50000     2.50000   102.98683
   3.60000     2.50000   102.49771
   3.70000     2.50000   103.06867
   3.80000     2.50000   102.23127
   3.90000     2.50000   103.16279
   4.00000     2.50000   102.77969
   4.10000     2.50000   102.90135
   4.20000     2.50000   102.84236
   4.30000     2.50000   102.58262
   4.40000     2.50000   103.23664
   4.50000     2.50000   102.58833
   4.60000     2.50000   102.68472
   4.70000     2.50000   102.77165
   4.80000     2.50000   102.90584
   4.90000     2.50000   102.74960
   5.00000     2.50000   102.80617
   0.10000     2.60000   101.69885
   0.20000     2.60000   100.62283
   0.30000     2.60000    98.92272
   0.40000     2.60000    97.34105
   0.50000     2.60000    95.29507
   0.60000     2.60000    93.70490
   0.70000     2.60000    92.56800
   0.80000     2.60000    90.59461
   0.90000     2.60000    89.76111
   1.00000     2.60000    88.53914
   1.10000     2.60000    88.25104
   1.20000     2.60000    91.63766
   1.30000     2.60000   102.37095
   1.40000     2.60000   102.31684
   1.50000     2.60000   102.37120
   1.60000     2.60000   103.05124
   1.70000     2.60000   102.51170
   1.80000     2.60000   102.84870
   1.90000     2.60000   102.33128
   2.00000     2.60000   102.52594
   2.10000     2.60000   102.74929
   2.20000     2.60000   102.86856
   2.30000     2.60000   102.12666
   2.40000     2.60000   102.71842
   2.50000     2.60000   102.95639
   2.60000     2.60000   102.82692
   2.70000     2.60000   102.61110
   2.80000     2.60000   102.69502
   2.90000     2.60000   102.97304
   3.00000     2.60000   102.76628
   3.10000     2.60000   102.36804
   3.20000     2.60000   102.66215
   3.30000     2.60000   102.55291
   3.40000     2.60000   102.90451
   3.50000     2.60000   102.86468
   3.60000     2.60000   102.76724
   3.70000     2.60000   102.89750
   3.80000     2.60000   102.65507
   3.90000     2.60000   102.36506
   4.00000     2.60000   102.75824
   4.10000     2.60000   102.66430
   4.20000     2.60000   102.75075
   4.30000     2.60000   102.92606
   4.40000     2.60000   102.71248
   4.50000     2.60000   102.40434
   4.60000     2.60000   102.57206
   4.70000     2.60000   102.80091
   4.80000     2.60000   102.43986
   4.90000     2.60000   102.88937
   5.00000     2.60000   102.31074
   0.10000     2.70000   101.48152
   0.20000     2.70000   100.62591
   0.30000     2.70000    98.71566
   0.40000     2.70000    97.03044
   0.50000     2.70000    94.94426
   0.60000     2.70000    93.72672
   0.70000     2.70000    91.77143
   0.80000     2.70000    90.69666
   0.90000     2.70000    89.60124
   1.00000     2.70000    88.41112
   1.10000     2.70000    88.26843
   1.20000     2.70000   103.02181
   1.30000     2.70000   102.59455
   1.40000     2.70000   102.43224
   1.50000     2.70000   103.07698
   1.60000     2.70000   102.82483
   1.70000     2.70000   103.13951
   1.80000     2.70000   102.89227
   1.90000     2.70000   102.87178
   2.00000     2.70000   102.71832
   2.10000     2.70000   102.58836
   2.20000     2.70000   102.76546
   2.30000     2.70000   102.47441
   2.40000     2.70000   102.68622
   2.50000     2.70000   102.23238
   2.60000     2.70000   102.84072
   2.70000     2.70000   102.71044
   2.80000     2.70000   102.65734
   2.90000     2.70000   102.45873
   3.00000     2.70000   102.55357
   3.10000     2.70000   102.69753
   3.20000     2.70000   102.80129
   3.30000     2.70000   102.78338
   3.40000     2.70000   102.97607
   3.50000     2.70000   102.94610
   3.60000     2.70000   102.32514
   3.70000     2.70000   102.53075
   3.80000     2.70000   102.91501
   3.90000     2.70000   103.04287
   4.00000     2.70000   103.01774
   4.10000     2.70000   102.50712
   4.20000     2.70000   102.28540
   4.30000     2.70000   102.60165
   4.40000     2.70000   102.84023
   4.50000     2.70000   102.79829
   4.60000     2.70000   102.71289
   4.70000     2.70000   102.46366
   4.80000     2.70000   102.55294
   4.90000     2.70000   102.88362
   5.00000     2.70000   103.01465
   0.10000     2.80000   101.58043
   0.20000     2.80000   100.20364
   0.30000     2.80000    98.28446
   0.40000     2.80000    97.38717
   0.50000     2.80000    95.41219
   0.60000     2.80000    92.88186
   0.70000     2.80000    91.93292
   0.80000     2.80000    90.51679
   0.90000     2.80000    89.01506
   1.00000     2.80000    88.66746
   1.10000     2.80000    88.91254
   1.20000     2.80000   102.31426
   1.30000     2.80000   102.39563
   1.40000     2.80000   102.63345
   1.50000     2.80000   103.08313
   1.60000     2.80000   102.60512
   1.70000     2.80000   103.25313
   1.80000     2.80000   103.26534
   1.90000     2.80000   102.50472
   2.00000     2.80000   102.28763
   2.10000     2.80000   102.83201
   2.20000     2.80000   102.46499
   2.30000     2.80000   102.94091
   2.40000     2.80000   102.52756
   2.50000     2.80000   102.56698
   2.60000     2.80000   102.55672
   2.70000     2.80000   102.78458
   2.80000     2.80000   102.81021
   2.90000     2.80000   101.98306
   3.00000     2.80000   102.87167
   3.10000     2.80000   103.11891
   3.20000     2.80000   102.51489
   3.30000     2.80000   102.04939
   3.40000     2.80000   102.53357
   3.50000     2.80000   102.54750
   3.60000     2.80000   102.92113
   3.70000     2.80000   103.14222
   3.80000     2.80000   102.83161
   3.90000     2.80000   102.95367
   4.00000     2.80000   102.58249
   4.10000     2.80000   102.33403
   4.20000     2.80000   102.55898
   4.30000     2.80000   102.30529
   4.40000     2.80000   102.56276
   4.50000     2.80000   102.60742
   4.60000     2.80000   102.51075
   4.70000     2.80000   103.11718
   4.80000     2.80000   102.77108
   4.90000     2.80000   102.49919
   5.00000     2.80000   102.33438
   0.10000     2.90000   101.24387
   0.20000     2.90000   100.20608
   0.30000     2.90000    99.04587
   0.40000     2.90000    96.84944
   0.50000     2.90000    94.58980
   0.60000     2.90000    93.02236
   0.70000     2.90000    91.52449
   0.80000     2.90000    90.06764
   0.90000     2.90000    89.22622
   1.00000     2.90000    88.39708
   1.10000     2.90000    90.00244
   1.20000     2.90000   102.89618
   1.30000     2.90000   102.72143
   1.40000     2.90000   102.39135
   1.50000     2.90000   102.95124
   1.60000     2.90000   102.75696
   1.70000     2.90000   102.39933
   1.80000     2.90000   102.53940
   1.90000     2.90000   102.93813
   2.00000     2.90000   103.22030
   2.10000     2.90000   102.75919
   2.20000     2.90000   103.14099
   2.30000     2.90000   102.28859
   2.40000     2.90000   102.81406
   2.50000     2.90000   102.79693
   2.60000     2.90000   102.97278
   2.70000     2.90000   102.93762
   2.80000     2.90000   102.50471
   2.90000     2.90000   102.89352
   3.00000     2.90000   102.98400
   3.10000     2.90000   102.70053
   3.20000     2.90000   103.02406
   3.30000     2.90000   102.37253
   3.40000     2.90000   102.42355
   3.50000     2.90000   102.55420
   3.60000     2.90000   102.47561
   3.70000     2.90000   102.89500
   3.80000     2.90000   103.08155
   3.90000     2.90000   102.54368
   4.00000     2.90000   102.74819
   4.10000     2.90000   102.62553
   4.20000     2.90000   102.49099
   4.30000     2.90000   102.47872
   4.40000     2.90000   102.67039
   4.50000     2.90000   102.26063
   4.60000     2.90000   102.30652
   4.70000     2.90000   102.74309
   4.80000     2.90000   102.53603
   4.90000     2.90000   102.61760
   5.00000     2.90000   102.94637
   0.10000     3.00000   101.89985
   0.20000     3.00000   100.01551
   0.30000     3.00000    98.55970
   0.40000     3.00000    96.98020
   0.50000     3.00000    94.86875
   0.60000     3.00000    92.42769
   0.70000     3.00000    90.82686
   0.80000     3.00000    89.49118
   0.90000     3.00000    88.76079
   1.00000     3.00000    88.41680
   1.10000     3.00000    93.03364
   1.20000     3.00000   102.99192
   1.30000     3.00000   102.69627
   1.40000     3.00000   102.92153
   1.50000     3.00000   102.60884
   1.60000     3.00000   102.57347
   1.70000     3.00000   102.58711
   1.80000     3.00000   102.27223
   1.90000     3.00000   103.36226
   2.00000     3.00000   102.81062
   2.10000     3.00000   102.85110
   2.20000     3.00000   102.42475
   2.30000     3.00000   102.49639
   2.40000     3.00000   102.19730
   2.50000     3.00000   103.14571
   2.60000     3.00000   102.98490
   2.70000     3.00000   102.54308
   2.80000     3.00000   102.55537
   2.90000     3.00000   102.30135
   3.00000     3.00000   102.29916
   3.10000     3.00000   102.53773
   3.20000     3.00000   102.50123
   3.30000     3.00000   102.37009
   3.40000     3.00000   102.84887
   3.50000     3.00000   102.81366
   3.60000     3.00000   102.82485
   3.70000     3.00000   102.75686
   3.80000     3.00000   102.48375
   3.90000     3.00000   102.71191
   4.00000     3.00000   102.09226
   4.10000     3.00000   102.48817
   4.20000     3.00000   102.53541
   4.30000     3.00000   102.44699
   4.40000     3.00000   102.98140
   4.50000     3.00000   102.68987
   4.60000     3.00000   102.78448
   4.70000     3.00000   102.28150
   4.80000     3.00000   102.91444
   4.90000     3.00000   102.52730
   5.00000     3.00000   102.29184
   0.10000     3.10000   101.63090
   0.20000     3.10000    99.89633
   0.30000     3.10000    98.13096
   0.40000     3.10000    96.85082
   0.50000     3.10000    94.12554
   0.60000     3.10000    92.72320
   0.70000     3.10000    90.87746
   0.80000     3.10000    89.31651
   0.90000     3.10000    88.47082
   1.00000     3.10000    88.41240
   1.10000     3.10000    96.88425
   1.20000     3.10000   103.14009
   1.30000     3.10000   102.03821
   1.40000     3.10000   102.78998
   1.50000     3.10000   102.27470
   1.60000     3.10000   102.42537
   1.70000     3.10000   102.22988
   1.80000     3.10000   103.18100
   1.90000     3.10000   102.95171
   2.00000     3.10000   103.26819
   2.10000     3.10000   102.83806
   2.20000     3.10000   103.07124
   2.30000     3.10000   102.73796
   2.40000     3.10000   102.64193
   2.50000     3.10000   102.93191
   2.60000     3.10000   102.25033
   2.70000     3.10000   102.55345
   2.80000     3.10000   102.88238
   2.90000     3.10000   103.38882
   3.00000     3.10000   102.92208
   3.10000     3.10000   103.02589
   3.20000     3.10000   102.86816
   3.30000     3.10000   102.41941
   3.40000     3.10000   102.79691
   3.50000     3.10000   102.17619
   3.60000     3.10000   102.69170
   3.70000     3.10000   103.03867
   3.80000     3.10000   102.82837
   3.90000     3.10000   102.52477
   4.00000     3.10000   102.55588
   4.10000     3.10000   102.62409
   4.20000     3.10000   102.85075
   4.30000     3.10000   102.50854
   4.40000     3.10000   102.77104
   4.50000     3.10000   102.20999
   4.60000     3.10000   102.36520
   4.70000     3.10000   102.71300
   4.80000     3.10000   102.69643
   4.90000     3.10000   103.02546
   5.00000     3.10000   102.74580
   0.10000     3.20000   102.07137
   0.20000     3.20000   100.16233
   0.30000     3.20000    98.11604
   0.40000     3.20000    96.19411
   0.50000     3.20000    94.07491
   0.60000     3.20000    92.21285
   0.70000     3.20000    90.43619
   0.80000     3.20000    89.36243
   0.90000     3.20000    88.44381
   1.00000     3.20000    88.67182
   1.10000     3.20000    99.49179
   1.20000     3.20000   102.48689
   1.30000     3.20000   102.63692
   1.40000     3.20000   102.54285
   1.50000     3.20000   102.34689
   1.60000     3.20000   102.08151
   1.70000     3.20000   102.66705
   1.80000     3.20000   102.76251
   1.90000     3.20000   103.30424
   2.00000     3.20000   102.84403
   2.10000     3.20000   102.16814
   2.20000     3.20000   102.70124
   2.30000     3.20000   102.63351
   2.40000     3.20000   103.43503
   2.50000     3.20000   102.70122
   2.60000     3.20000   102.56727
   2.70000     3.20000   102.22716
   2.80000     3.20000   102.80055
   2.90000     3.20000   102.60847
   3.00000     3.20000   102.88649
   3.10000     3.20000   102.62975
   3.20000     3.20000   102.77330
   3.30000     3.20000   102.47058
   3.40000     3.20000   102.64325
   3.50000     3.20000   102.31199
   3.60000     3.20000   102.25819
   3.70000     3.20000   102.44099
   3.80000     3.20000   102.48014
   3.90000     3.20000   103.22387
   4.00000     3.20000   102.49685
   4.10000     3.20000   102.60443
   4.20000     3.20000   102.79519
   4.30000     3.20000   102.62247
   4.40000     3.20000   102.31620
   4.50000     3.20000   103.09934
   4.60000     3.20000   102.92786
   4.70000     3.20000   102.42375
   4.80000     3.20000   102.95682
   4.90000     3.20000   102.56272
   5.00000     3.20000   102.88584
   0.10000     3.30000   101.71365
   0.20000     3.30000   100.02687
   0.30000     3.30000    97.62859
   0.40000     3.30000    96.15499
   0.50000     3.30000    94.37758
   0.60000     3.30000    91.80835
   0.70000     3.30000    90.32421
   0.80000     3.30000    89.31964
   0.90000     3.30000    88.40141
   1.00000     3.30000    89.03386
   1.10000     3.30000   102.33495
   1.20000     3.30000   102.82727
   1.30000     3.30000   102.84026
   1.40000     3.30000   102.91579
   1.50000     3.30000   102.89186
   1.60000     3.30000   102.50612
   1.70000     3.30000   103.18863
   1.80000     3.30000   103.33501
   1.90000     3.30000   102.66396
   2.00000     3.30000   102.78248
   2.10000     3.30000   102.96874
   2.20000     3.30000   102.74010
   2.30000     3.30000   102.83757
   2.40000     3.30000   102.58586
   2.50000     3.30000   102.78496
   2.60000     3.30000   102.60410
   2.70000     3.30000   103.20486
   2.80000     3.30000   102.43986
   2.90000     3.30000   102.38956
   3.00000     3.30000   102.54726
   3.10000     3.30000   102.72077
   3.20000     3.30000   102.58737
   3.30000     3.30000   102.15605
   3.40000     3.30000   102.56467
   3.50000     3.30000   102.32415
   3.60000     3.30000   103.19632
   3.70000     3.30000   102.99171
   3.80000     3.30000   102.87577
   3.90000     3.30000   102.73107
   4.00000     3.30000   102.27327
   4.10000     3.30000   102.85427
   4.20000     3.30000   102.81363
   4.30000     3.30000   103.02922
   4.40000     3.30000   102.30769
   4.50000     3.30000   102.84134
   4.60000     3.30000   102.57955
   4.70000     3.30000   102.46522
   4.80000     3.30000   102.40899
   4.90000     3.30000   102.49940
   5.00000     3.30000   103.04404
   0.10000     3.40000   101.46266
   0.20000     3.40000    99.92310
   0.30000     3.40000    98.27339
   0.40000     3.40000    95.99042
   0.50000     3.40000    93.65430
   0.60000     3.40000    91.93734
   0.70000     3.40000    90.04128
   0.80000     3.40000    89.20688
   0.90000     3.40000    88.00765
   1.00000     3.40000    91.76488
   1.10000     3.40000   104.63045
   1.20000     3.40000   102.22006
   1.30000     3.40000   102.36242
   1.40000     3.40000   102.26027
   1.50000     3.40000   102.72507
   1.60000     3.40000   102.56179
   1.70000     3.40000   102.62983
   1.80000     3.40000   102.83266
   1.90000     3.40000   102.90861
   2.00000     3.40000   103.04447
   2.10000     3.40000   102.85302
   2.20000     3.40000   102.79360
   2.30000     3.40000   103.21108
   2.40000     3.40000   103.11560
   2.50000     3.40000   102.61810
   2.60000     3.40000   102.41105
   2.70000     3.40000   102.83475
   2.80000     3.40000   102.82427
   2.90000     3.40000   103.11208
   3.00000     3.40000   102.60806
   3.10000     3.40000   102.49265
   3.20000     3.40000   102.74194
   3.30000     3.40000   102.49171
   3.40000     3.40000   102.14133
   3.50000     3.40000   102.90459
   3.60000     3.40000   102.73193
   3.70000     3.40000   103.16347
   3.80000     3.40000   102.47664
   3.90000     3.40000   102.81049
   4.00000     3.40000   103.13184
   4.10000     3.40000   102.30740
   4.20000     3.40000   102.34741
   4.30000     3.40000   102.69686
   4.40000     3.40000   102.84076
   4.50000     3.40000   103.23829
   4.60000     3.40000   103.11981
   4.70000     3.40000   103.00129
   4.80000     3.40000   102.98464
   4.90000     3.40000   102.89146
   5.00000     3.40000   102.75084
   0.10000     3.50000   101.13945
   0.20000     3.50000    99.92070
   0.30000     3.50000    97.62916
   0.40000     3.50000    95.91798
   0.50000     3.50000    93.72213
   0.60000     3.50000    91.60271
   0.70000     3.50000    89.90619
   0.80000     3.50000    89.13696
   0.90000     3.50000    88.25349
   1.00000     3.50000    94.29584
   1.10000     3.50000   105.84258
   1.20000     3.50000   102.68960
   1.30000     3.50000   102.08611
   1.40000     3.50000   102.53024
   1.50000     3.50000   102.75495
   1.60000     3.50000   102.75867
   1.70000     3.50000   102.80540
   1.80000     3.50000   102.40937
   1.90000     3.50000   103.04005
   2.00000     3.50000   102.21868
   2.10000     3.50000   102.82484
   2.20000     3.50000   102.67996
   2.30000     3.50000   102.90599
   2.40000     3.50000   102.83729
   2.50000     3.50000   102.60494
   2.60000     3.50000   102.73654
   2.70000     3.50000   102.21399
   2.80000     3.50000   102.73985
   2.90000     3.50000   102.80776
   3.00000     3.50000   102.64150
   3.10000     3.50000   102.33720
   3.20000     3.50000   103.21666
   3.30000     3.50000   102.55168
   3.40000     3.50000   103.02501
   3.50000     3.50000   102.86355
   3.60000     3.50000   102.66690
   3.70000     3.50000   102.20212
   3.80000     3.50000   102.47071
   3.90000     3.50000   102.67134
   4.00000     3.50000   102.50631
   4.10000     3.50000   102.64522
   4.20000     3.50000   103.01894
   4.30000     3.50000   103.17136
   4.40000     3.50000   102.77308
   4.50000     3.50000   102.93803
   4.60000     3.50000   102.98034
   4.70000     3.50000   102.49379
   4.80000     3.50000   102.62733
   4.90000     3.50000   102.74191
   5.00000     3.50000   102.42770
   0.10000     3.60000   101.36802
   0.20000     3.60000    99.76404
   0.30000     3.60000    97.68257
   0.40000     3.60000    95.12904
   0.50000     3.60000    93.51426
   0.60000     3.60000    91.19378
   0.70000     3.60000    89.66406
   0.80000     3.60000    88.82543
   0.90000     3.60000    88.67378
   1.00000     3.60000    97.56659
   1.10000     3.60000   106.38357
   1.20000     3.60000   102.38304
   1.30000     3.60000   102.69625
   1.40000     3.60000   102.68683
   1.50000     3.60000   102.89346
   1.60000     3.60000   102.78564
   1.70000     3.60000   102.94883
   1.80000     3.60000   102.46837
   1.90000     3.60000   102.64654
   2.00000     3.60000   103.00605
   2.10000     3.60000   102.48506
   2.20000     3.60000   102.17767
   2.30000     3.60000   102.71380
   2.40000     3.60000   103.04188
   2.50000     3.60000   103.06849
   2.60000     3.60000   103.26938
   2.70000     3.60000   102.53713
   2.80000     3.60000   102.83254
   2.90000     3.60000   102.88031
   3.00000     3.60000   102.77244
   3.10000     3.60000   102.85624
   3.20000     3.60000   102.81522
   3.30000     3.60000   103.07466
   3.40000     3.60000   102.65391
   3.50000     3.60000   102.77678
   3.60000     3.60000   102.72110
   3.70000     3.60000   102.97528
   3.80000     3.60000   102.88045
   3.90000     3.60000   102.88195
   4.00000     3.60000   102.37233
   4.10000     3.60000   102.57608
   4.20000     3.60000   102.64607
   4.30000     3.60000   102.75193
   4.40000     3.60000   102.66162
   4.50000     3.60000   102.95233
   4.60000     3.60000   102.40759
   4.70000     3.60000   102.80875
   4.80000     3.60000   103.36459
   4.90000     3.60000   102.66192
   5.00000     3.60000   102.74850
   0.10000     3.70000   101.29911
   0.20000     3.70000    99.68467
   0.30000     3.70000    97.48088
   0.40000     3.70000    94.86419
   0.50000     3.70000    93.49284
   0.60000     3.70000    91.31916
   0.70000     3.70000    89.59113
   0.80000     3.70000    88.78451
   0.90000     3.70000    88.53022
   1.00000     3.70000   100.08140
   1.10000     3.70000   107.03782
   1.20000     3.70000   103.17479
   1.30000     3.70000   102.72505
   1.40000     3.70000   102.95842
   1.50000     3.70000   102.65302
   1.60000     3.70000   102.92550
   1.70000     3.70000   102.71134
   1.80000     3.70000   102.55405
   1.90000     3.70000   102.55411
   2.00000     3.70000   102.45590
   2.10000     3.70000   102.65576
   2.20000     3.70000   102.78538
   2.30000     3.70000   102.76500
   2.40000     3.70000   102.85939
   2.50000     3.70000   102.64765
   2.60000     3.70000   102.76149
   2.70000     3.70000   102.91846
   2.80000     3.70000   102.87165
   2.90000     3.70000   102.56799
   3.00000     3.70000   102.34412
   3.10000     3.70000   102.38544
   3.20000     3.70000   102.99206
   3.30000     3.70000   102.15905
   3.40000     3.70000   102.52646
   3.50000     3.70000   102.91605
   3.60000     3.70000   102.97318
   3.70000     3.70000   102.47819
   3.80000     3.70000   102.57000
   3.90000     3.70000   102.53604
   4.00000     3.70000   102.78842
   4.10000     3.70000   102.79126
   4.20000     3.70000   102.26546
   4.30000     3.70000   102.43324
   4.40000     3.70000   102.25861
   4.50000     3.70000   102.52327
   4.60000     3.70000   102.66562
   4.70000     3.70000   102.20267
   4.80000     3.70000   102.76213
   4.90000     3.70000   102.62525
   5.00000     3.70000   102.30195
   0.10000     3.80000   101.47046
   0.20000     3.80000    99.56074
   0.30000     3.80000    97.64974
   0.40000     3.80000    95.44871
   0.50000     3.80000    93.26006
   0.60000     3.80000    90.87556
   0.70000     3.80000    89.49840
   0.80000     3.80000    88.28574
   0.90000     3.80000    88.78082
   1.00000     3.80000   102.55293
   1.10000     3.80000   106.34941
   1.20000     3.80000   102.78905
   1.30000     3.80000   102.61270
   1.40000     3.80000   102.53829
   1.50000     3.80000   102.52427
   1.60000     3.80000   102.65268
   1.70000     3.80000   102.70617
   1.80000     3.80000   103.07735
   1.90000     3.80000   102.76055
   2.00000     3.80000   102.68473
   2.10000     3.80000   102.93456
   2.20000     3.80000   102.63604
   2.30000     3.80000   102.52395
   2.40000     3.80000   102.92036
   2.50000     3.80000   102.71149
   2.60000     3.80000   103.08004
   2.70000     3.80000   102.55166
   2.80000     3.80000   102.87376
   2.90000     3.80000   102.91502
   3.00000     3.80000   102.68828
   3.10000     3.80000   102.74473
   3.20000     3.80000   102.69499
   3.30000     3.80000   102.89801
   3.40000     3.80000   103.08544
   3.50000     3.80000   102.82960
   3.60000     3.80000   102.68415
   3.70000     3.80000   102.81067
   3.80000     3.80000   102.91744
   3.90000     3.80000   102.60203
   4.00000     3.80000   102.47873
   4.10000     3.80000   102.89671
   4.20000     3.80000   102.71189
   4.30000     3.80000   102.53110
   4.40000     3.80000   102.41626
   4.50000     3.80000   102.85720
   4.60000     3.80000   102.75956
   4.70000     3.80000   102.44686
   4.80000     3.80000   102.62796
   4.90000     3.80000   102.02018
   5.00000     3.80000   103.07209
   0.10000     3.90000   101.47549
   0.20000     3.90000    99.85074
   0.30000     3.90000    97.21756
   0.40000     3.90000    95.59822
   0.50000     3.90000    92.97532
   0.60000     3.90000    90.79779
   0.70000     3.90000    89.23640
   0.80000     3.90000    88.08541
   0.90000     3.90000    90.42778
   1.00000     3.90000   104.97466
   1.10000     3.90000   107.05156
   1.20000     3.90000   102.87371
   1.30000     3.90000   102.66143
   1.40000     3.90000   103.13900
   1.50000     3.90000   102.93378
   1.60000     3.90000   102.79751
   1.70000     3.90000   102.96505
   1.80000     3.90000   102.61873
   1.90000     3.90000   102.79586
   2.00000     3.90000   102.45270
   2.10000     3.90000   102.77582
   2.20000     3.90000   102.86189
   2.30000     3.90000   102.49626
   2.40000     3.90000   102.62623
   2.50000     3.90000   102.64051
   2.60000     3.90000   102.85125
   2.70000     3.90000   102.48324
   2.80000     3.90000   102.59821
   2.90000     3.90000   102.81802
   3.00000     3.90000   103.11879
   3.10000     3.90000   102.38960
   3.20000     3.90000   102.55970
   3.30000     3.90000   102.62271
   3.40000     3.90000   103.07071
   3.50000     3.90000   102.75502
   3.60000     3.90000   102.84999
   3.70000     3.90000   102.60962
   3.80000     3.90000   102.80370
   3.90000     3.90000   102.70812
   4.00000     3.90000   103.15537
   4.10000     3.90000   102.48424
   4.20000     3.90000   102.97295
   4.30000     3.90000   102.86256
   4.40000     3.90000   102.71777
   4.50000     3.90000   102.57702
   4.60000     3.90000   103.14462
   4.70000     3.90000   102.42301
   4.80000     3.90000   102.40141
   4.90000     3.90000   102.77275
   5.00000     3.90000   102.38350
   0.10000     4.00000   101.17246
   0.20000     4.00000    99.36168
   0.30000     4.00000    96.92691
   0.40000     4.00000    94.77737
   0.50000     4.00000    92.68538
   0.60000     4.00000    90.50498
   0.70000     4.00000    89.33545
   0.80000     4.00000    88.13720
   0.90000     4.00000    93.11424
   1.00000     4.00000   105.38629
   1.10000     4.00000   102.27725
   1.20000     4.00000   102.84287
   1.30000     4.00000   102.94361
   1.40000     4.00000   102.91913
   1.50000     4.00000   102.70149
   1.60000     4.00000   102.96289
   1.70000     4.00000   103.06850
   1.80000     4.00000   102.70111
   1.90000     4.00000   102.40311
   2.00000     4.00000   102.72623
   2.10000     4.00000   103.23040
   2.20000     4.00000   102.63958
   2.30000     4.00000   102.86298
   2.40000     4.00000   102.63586
   2.50000     4.00000   102.84528
   2.60000     4.00000   102.72857
   2.70000     4.00000   102.70871
   2.80000     4.00000   102.55170
   2.90000     4.00000   102.81395
   3.00000     4.00000   102.86167
   3.10000     4.00000   101.91034
   3.20000     4.00000   102.67752
   3.30000     4.00000   102.55880
   3.40000     4.00000   102.58675
   3.50000     4.00000   102.46373
   3.60000     4.00000   102.70501
   3.70000     4.00000   102.61137
   3.80000     4.00000   102.68321
   3.90000     4.00000   102.43407
   4.00000     4.00000   102.15311
   4.10000     4.00000   102.84270
   4.20000     4.00000   103.29894
   4.30000     4.00000   103.38165
   4.40000     4.00000   103.03171
   4.50000     4.00000   102.87502
   4.60000     4.00000   102.86763
   4.70000     4.00000   102.45190
   4.80000     4.00000   103.05382
   4.90000     4.00000   103.15357
   5.00000     4.00000   102.52474
   0.10000     4.10000   101.23514
   0.20000     4.10000    99.62353
   0.30000     4.10000    97.39888
   0.40000     4.10000    94.80374
   0.50000     4.10000    92.74918
   0.60000     4.10000    90.77611
   0.70000     4.10000    89.47787
   0.80000     4.10000    88.37960
   0.90000     4.10000    95.16589
   1.00000     4.10000   105.94882
   1.10000     4.10000   102.88838
   1.20000     4.10000   102.54229
   1.30000     4.10000   102.21849
   1.40000     4.10000   102.65521
   1.50000     4.10000   102.65687
   1.60000     4.10000   102.47272
   1.70000     4.10000   102.48325
   1.80000     4.10000   102.62053
   1.90000     4.10000   102.96968
   2.00000     4.10000   103.06245
   2.10000     4.10000   103.19547
   2.20000     4.10000   102.71764
   2.30000     4.10000   102.31463
   2.40000     4.10000   102.79341
   2.50000     4.10000   102.99887
   2.60000     4.10000   102.85104
   2.70000     4.10000   102.57840
   2.80000     4.10000   103.07267
   2.90000     4.10000   102.49935
   3.00000     4.10000   102.76070
   3.10000     4.10000   102.90439
   3.20000     4.10000   102.56557
   3.30000     4.10000   102.72653
   3.40000     4.10000   102.72724
   3.50000     4.10000   102.58084
   3.60000     4.10000   102.44554
   3.70000     4.10000   102.84949
   3.80000     4.10000   102.95453
   3.90000     4.10000   102.55678
   4.00000     4.10000   102.82415
   4.10000     4.10000   102.44060
   4.20000     4.10000   102.38652
   4.30000     4.10000   102.74469
   4.40000     4.10000   102.74506
   4.50000     4.10000   102.66997
   4.60000     4.10000   102.61269
   4.70000     4.10000   102.66517
   4.80000     4.10000   102.72134
   4.90000     4.10000   102.65211
   5.00000     4.10000   102.93797
   0.10000     4.20000   100.94458
   0.20000     4.20000    99.07485
   0.30000     4.20000    96.94179
   0.40000     4.20000    94.21605
   0.50000     4.20000    92.76702
   0.60000     4.20000    89.93402
   0.70000     4.20000    88.94195
   0.80000     4.20000    88.56284
   0.90000     4.20000    97.78087
   1.00000     4.20000   106.59840
   1.10000     4.20000   102.96534
   1.20000     4.20000   102.63339
   1.30000     4.20000   102.66307
   1.40000     4.20000   102.57348
   1.50000     4.20000   102.04748
   1.60000     4.20000   102.95730
   1.70000     4.20000   102.07274
   1.80000     4.20000   102.63013
   1.90000     4.20000   102.48315
   2.00000     4.20000   102.90688
   2.10000     4.20000   102.65861
   2.20000     4.20000   102.61183
   2.30000     4.20000   102.45475
   2.40000     4.20000   102.95128
   2.50000     4.20000   103.21986
   2.60000     4.20000   103.20890
   2.70000     4.20000   102.06618
   2.80000     4.20000   103.08955
   2.90000     4.20000   102.89137
   3.00000     4.20000   102.43047
   3.10000     4.20000   102.18025
   3.20000     4.20000   102.72436
   3.30000     4.20000   102.76202
   3.40000     4.20000   102.69438
   3.50000     4.20000   102.29083
   3.60000     4.20000   102.67976
   3.70000     4.20000   102.88152
   3.80000     4.20000   103.11487
   3.90000     4.20000   102.72478
   4.00000     4.20000   102.95623
   4.10000     4.20000   102.61494
   4.20000     4.20000   102.54796
   4.30000     4.20000   102.93248
   4.40000     4.20000   102.93212
   4.50000     4.20000   102.56394
   4.60000     4.20000   102.86617
   4.70000     4.20000   102.94461
   4.80000     4.20000   102.71231
   4.90000     4.20000   103.07622
   5.00000     4.20000   102.70621
   0.10000     4.30000   101.18979
   0.20000     4.30000    99.55945
   0.30000     4.30000    97.16011
   0.40000     4.30000    94.42633
   0.50000     4.30000    91.91289
   0.60000     4.30000    90.51434
   0.70000     4.30000    88.78939
   0.80000     4.30000    88.32274
   0.90000     4.30000   100.20230
   1.00000     4.30000   106.84700
   1.10000     4.30000   102.55778
   1.20000     4.30000   102.70249
   1.30000     4.30000   102.76056
   1.40000     4.30000   102.41472
   1.50000     4.30000   102.85700
   1.60000     4.30000   102.81689
   1.70000     4.30000   102.25940
   1.80000     4.30000   102.75901
   1.90000     4.30000   102.86936
   2.00000     4.30000   102.79806
   2.10000     4.30000   102.47515
   2.20000     4.30000   102.87125
   2.30000     4.30000   102.35568
   2.40000     4.30000   103.04437
   2.50000     4.30000   102.33866
   2.60000     4.30000   102.94611
   2.70000     4.30000   102.32067
   2.80000     4.30000   102.69814
   2.90000     4.30000   102.60373
   3.00000     4.30000   102.68647
   3.10000     4.30000   102.64341
   3.20000     4.30000   102.69211
   3.30000     4.30000   102.86235
   3.40000     4.30000   102.67960
   3.50000     4.30000   102.69182
   3.60000     4.30000   102.87673
   3.70000     4.30000   103.02573
   3.80000     4.30000   102.56515
   3.90000     4.30000   102.90067
   4.00000     4.30000   102.05337
   4.10000     4.30000   102.48390
   4.20000     4.30000   102.86488
   4.30000     4.30000   102.43640
   4.40000     4.30000   102.91314
   4.50000     4.30000   102.69493
   4.60000     4.30000   102.96608
   4.70000     4.30000   102.47091
   4.80000     4.30000   102.60798
   4.90000     4.30000   103.02183
   5.00000     4.30000   102.46700
   0.10000     4.40000   101.53962
   0.20000     4.40000    99.32015
   0.30000     4.40000    96.68022
   0.40000     4.40000    94.13722
   0.50000     4.40000    91.96471
   0.60000     4.40000    89.93881
   0.70000     4.40000    88.68547
   0.80000     4.40000    88.98783
   0.90000     4.40000   102.56656
   1.00000     4.40000   107.12142
   1.10000     4.40000   102.78190
   1.20000     4.40000   102.82915
   1.30000     4.40000   102.70440
   1.40000     4.40000   102.40392
   1.50000     4.40000   102.66551
   1.60000     4.40000   102.63728
   1.70000     4.40000   102.65474
   1.80000     4.40000   102.33593
   1.90000     4.40000   102.99024
   2.00000     4.40000   102.19414
   2.10000     4.40000   102.95134
   2.20000     4.40000   102.79838
   2.30000     4.40000   103.16300
   2.40000     4.40000   102.64138
   2.50000     4.40000   102.10680
   2.60000     4.40000   102.76530
   2.70000     4.40000   102.68946
   2.80000     4.40000   102.67269
   2.90000     4.40000   102.17201
   3.00000     4.40000   102.52473
   3.10000     4.40000   103.01324
   3.20000     4.40000   102.37456
   3.30000     4.40000   102.84430
   3.40000     4.40000   102.90783
   3.50000     4.40000   102.81900
   3.60000     4.40000   102.47654
   3.70000     4.40000   102.48828
   3.80000     4.40000   102.87461
   3.90000     4.40000   102.17995
   4.00000     4.40000   102.84492
   4.10000     4.40000   102.25545
   4.20000     4.40000   102.77486
   4.30000     4.40000   102.71339
   4.40000     4.40000   102.72673
   4.50000     4.40000   102.61866
   4.60000     4.40000   102.76862
   4.70000     4.40000   102.36967
   4.80000     4.40000   102.84372
   4.90000     4.40000   102.67808
   5.00000     4.40000   103.07375
   0.10000     4.50000   101.16033
   0.20000     4.50000    98.59323
   0.30000     4.50000    96.29983
   0.40000     4.50000    93.85248
   0.50000     4.50000    91.51775
   0.60000     4.50000    90.14233
   0.70000     4.50000    88.69504
   0.80000     4.50000    89.57454
   0.90000     4.50000   104.02338
   1.00000     4.50000   107.02506
   1.10000     4.50000   103.16174
   1.20000     4.50000   102.91496
   1.30000     4.50000   102.60861
   1.40000     4.50000   102.91666
   1.50000     4.50000   103.13282
   1.60000     4.50000   102.54517
   1.70000     4.50000   101.99823
   1.80000     4.50000   102.83043
   1.90000     4.50000   102.86435
   2.00000     4.50000   102.12129
   2.10000     4.50000   102.46752
   2.20000     4.50000   102.17934
   2.30000     4.50000   102.60373
   2.40000     4.50000   102.24228
   2.50000     4.50000   102.25112
   2.60000     4.50000   102.43879
   2.70000     4.50000   102.37091
   2.80000     4.50000   102.57961
   2.90000     4.50000   102.68375
   3.00000     4.50000   102.81509
   3.10000     4.50000   102.65290
   3.20000     4.50000   102.74854
   3.30000     4.50000   102.69615
   3.40000     4.50000   103.36972
   3.50000     4.50000   102.69652
   3.60000     4.50000   102.43867
   3.70000     4.50000   103.07577
   3.80000     4.50000   102.23458
   3.90000     4.50000   102.66723
   4.00000     4.50000   102.89498
   4.10000     4.50000   102.48471
   4.20000     4.50000   102.50162
   4.30000     4.50000   102.39445
   4.40000     4.50000   102.78533
   4.50000     4.50000   102.95476
   4.60000     4.50000   102.47153
   4.70000     4.50000   102.50231
   4.80000     4.50000   102.46849
   4.90000     4.50000   102.71203
   5.00000     4.50000   102.79002
   0.10000     4.60000   101.82892
   0.20000     4.60000    99.64972
   0.30000     4.60000    96.76090
   0.40000     4.60000    93.79751
   0.50000     4.60000    91.65635
   0.60000     4.60000    89.90306
   0.70000     4.60000    89.09813
   0.80000     4.60000    89.60101
   0.90000     4.60000   105.32084
   1.00000     4.60000   107.44326
   1.10000     4.60000   102.68396
   1.20000     4.60000   103.01650
   1.30000     4.60000   102.80237
   1.40000     4.60000   102.84296
   1.50000     4.60000   102.82324
   1.60000     4.60000   102.95076
   1.70000     4.60000   102.35378
   1.80000     4.60000   102.89914
   1.90000     4.60000   102.86580
   2.00000     4.60000   103.29118
   2.10000     4.60000   103.16168
   2.20000     4.60000   102.42989
   2.30000     4.60000   102.51577
   2.40000     4.60000   102.40717
   2.50000     4.60000   102.80233
   2.60000     4.60000   103.06074
   2.70000     4.60000   103.09668
   2.80000     4.60000   102.63629
   2.90000     4.60000   102.41045
   3.00000     4.60000   102.69219
   3.10000     4.60000   102.56020
   3.20000     4.60000   102.70425
   3.30000     4.60000   102.66688
   3.40000     4.60000   102.86116
   3.50000     4.60000   102.68482
   3.60000     4.60000   103.14312
   3.70000     4.60000   102.56799
   3.80000     4.60000   102.70966
   3.90000     4.60000   102.77681
   4.00000     4.60000   102.33073
   4.10000     4.60000   102.69962
   4.20000     4.60000   103.12114
   4.30000     4.60000   102.45927
   4.40000     4.60000   102.56416
   4.50000     4.60000   103.28183
   4.60000     4.60000   102.75752
   4.70000     4.60000   102.38629
   4.80000     4.60000   103.09777
   4.90000     4.60000   102.86830
   5.00000     4.60000   102.72207
   0.10000     4.70000   101.54602
   0.20000     4.70000    98.69610
   0.30000     4.70000    96.19558
   0.40000     4.70000    93.86392
   0.50000     4.70000    91.44830
   0.60000     4.70000    89.66588
   0.70000     4.70000    88.71775
   0.80000     4.70000    91.91822
   0.90000     4.70000   106.00743
   1.00000     4.70000   107.54358
   1.10000     4.70000   102.55543
   1.20000     4.70000   102.88910
   1.30000     4.70000   102.86682
   1.40000     4.70000   102.57077
   1.50000     4.70000   102.13625
   1.60000     4.70000   102.87205
   1.70000     4.70000   102.69474
   1.80000     4.70000   103.19896
   1.90000     4.70000   102.22353
   2.00000     4.70000   102.51580
   2.10000     4.70000   102.58345
   2.20000     4.70000   102.68914
   2.30000     4.70000   102.66968
   2.40000     4.70000   102.60431
   2.50000     4.70000   103.07242
   2.60000     4.70000   102.47623
   2.70000     4.70000   102.63965
   2.80000     4.70000   102.56050
   2.90000     4.70000   102.71833
   3.00000     4.70000   102.38309
   3.10000     4.70000   102.67168
   3.20000     4.70000   102.60959
   3.30000     4.70000   103.09056
   3.40000     4.70000   102.74709
   3.50000     4.70000   102.23365
   3.60000     4.70000   102.74656
   3.70000     4.70000   102.69000
   3.80000     4.70000   102.19576
   3.90000     4.70000   102.64365
   4.00000     4.70000   101.96095
   4.10000     4.70000   102.47448
   4.20000     4.70000   102.85154
   4.30000     4.70000   102.56576
   4.40000     4.70000   102.70903
   4.50000     4.70000   102.80874
   4.60000     4.70000   102.50804
   4.70000     4.70000   102.39644
   4.80000     4.70000   102.74078
   4.90000     4.70000   102.52248
   5.00000     4.70000   102.87647
   0.10000     4.80000   101.31899
   0.20000     4.80000    98.82666
   0.30000     4.80000    96.54396
   0.40000     4.80000    93.93943
   0.50000     4.80000    91.43633
   0.60000     4.80000    89.92898
   0.70000     4.80000    88.37476
   0.80000     4.80000    93.97622
   0.90000     4.80000   106.33433
   1.00000     4.80000   107.65381
   1.10000     4.80000   102.48289
   1.20000     4.80000   102.78691
   1.30000     4.80000   102.38287
   1.40000     4.80000   102.84923
   1.50000     4.80000   102.75470
   1.60000     4.80000   102.95566
   1.70000     4.80000   102.96788
   1.80000     4.80000   102.84337
   1.90000     4.80000   102.34370
   2.00000     4.80000   102.43589
   2.10000     4.80000   102.83290
   2.20000     4.80000   102.99037
   2.30000     4.80000   103.11259
   2.40000     4.80000   102.23477
   2.50000     4.80000   102.97293
   2.60000     4.80000   102.80332
   2.70000     4.80000   102.39439
   2.80000     4.80000   102.88204
   2.90000     4.80000   102.98701
   3.00000     4.80000   103.00868
   3.10000     4.80000   102.66892
   3.20000     4.80000   102.75011
   3.30000     4.80000   102.88492
   3.40000     4.80000   102.86074
   3.50000     4.80000   102.76915
   3.60000     4.80000   102.31979
   3.70000     4.80000   103.06816
   3.80000     4.80000   102.80468
   3.90000     4.80000   102.74460
   4.00000     4.80000   102.48377
   4.10000     4.80000   102.44981
   4.20000     4.80000   102.34164
   4.30000     4.80000   102.55132
   4.40000     4.80000   102.72956
   4.50000     4.80000   102.81594
   4.60000     4.80000   102.77218
   4.70000     4.80000   102.88630
   4.80000     4.80000   102.72613
   4.90000     4.80000   102.80088
   5.00000     4.80000   102.71925
   0.10000     4.90000   101.26730
   0.20000     4.90000    98.68510
   0.30000     4.90000    96.49019
   0.40000     4.90000    93.34182
   0.50000     4.90000    91.37142
   0.60000     4.90000    89.55225
   0.70000     4.90000    88.46664
   0.80000     4.90000    95.99853
   0.90000     4.90000   106.53134
   1.00000     4.90000   107.85105
   1.10000     4.90000   102.27671
   1.20000     4.90000   102.61849
   1.30000     4.90000   102.39224
   1.40000     4.90000   102.58325
   1.50000     4.90000   102.88828
   1.60000     4.90000   102.77894
   1.70000     4.90000   102.40772
   1.80000     4.90000   102.69934
   1.90000     4.90000   102.95201
   2.00000     4.90000   102.71081
   2.10000     4.90000   102.68460
   2.20000     4.90000   102.24424
   2.30000     4.90000   103.12014
   2.40000     4.90000   102.76467
   2.50000     4.90000   103.36361
   2.60000     4.90000   102.77656
   2.70000     4.90000   102.85324
   2.80000     4.90000   102.30682
   2.90000     4.90000   102.45029
   3.00000     4.90000   102.87966
   3.10000     4.90000   102.63127
   3.20000     4.90000   102.34480
   3.30000     4.90000   102.60636
   3.40000     4.90000   102.67017
   3.50000     4.90000   102.95868
   3.60000     4.90000   102.77090
   3.70000     4.90000   102.80403
   3.80000     4.90000   103.07030
   3.90000     4.90000   102.17368
   4.00000     4.90000   102.54571
   4.10000     4.90000   102.31713
   4.20000     4.90000   102.86079
   4.30000     4.90000   102.53299
   4.40000     4.90000   102.48762
   4.50000     4.90000   102.89589
   4.60000     4.90000   102.65237
   4.70000     4.90000   102.71835
   4.80000     4.90000   102.86380
   4.90000     4.90000   102.68289
   5.00000     4.90000   102.58102
   0.10000     5.00000   100.63946
   0.20000     5.00000    98.47255
   0.30000     5.00000    96.28005
   0.40000     5.00000    93.26014
   0.50000     5.00000    91.42315
   0.60000     5.00000    89.37733
   0.70000     5.00000    88.61004
   0.80000     5.00000    98.33513
   0.90000     5.00000   106.74575
   1.00000     5.00000   107.56045
   1.10000     5.00000   102.74096
   1.20000     5.00000   103.11250
   1.30000     5.00000   102.62720
   1.40000     5.00000   102.53085
   1.50000     5.00000   102.13877
   1.60000     5.00000   102.62274
   1.70000     5.00000   102.98453
   1.80000     5.00000   102.72467
   1.90000     5.00000   102.58852
   2.00000     5.00000   102.80398
   2.10000     5.00000   102.49305
   2.20000     5.00000   102.91424
   2.30000     5.00000   102.87941
   2.40000     5.00000   102.12166
   2.50000     5.00000   102.30792
   2.60000     5.00000   102.33159
   2.70000     5.00000   102.36847
   2.80000     5.00000   102.99432
   2.90000     5.00000   102.68892
   3.00000     5.00000   102.73215
   3.10000     5.00000   103.26322
   3.20000     5.00000   102.66662
   3.30000     5.00000   102.46094
   3.40000     5.00000   102.46856
   3.50000     5.00000   103.02141
   3.60000     5.00000   102.41049
   3.70000     5.00000   102.72675
   3.80000     5.00000   102.89585
   3.90000     5.00000   102.38399
   4.00000     5.00000   103.09203
   4.10000     5.00000   102.54497
   4.20000     5.00000   102.75606
   4.30000     5.00000   102.20548
   4.40000     5.00000   102.54569
   4.50000     5.00000   102.67635
   4.60000     5.00000   102.73375
   4.70000     5.00000   103.06766
   4.80000     5.00000   102.75947
   4.90000     5.00000   102.66363
   5.00000     5.00000   102.56466
