#     r         beta        Ep   
   0.10000     0.10000   107.84919
   0.20000     0.10000   107.63572
   0.30000     0.10000   107.42834
   0.40000     0.10000   107.58167
   0.50000     0.10000   107.95578
   0.60000     0.10000   107.82379
   0.70000     0.10000   107.66394
   0.80000     0.10000   107.37925
   0.90000     0.10000   107.44578
   1.00000     0.10000   107.47562
   1.10000     0.10000   107.94870
   1.20000     0.10000   107.51871
   1.30000     0.10000   107.39296
   1.40000     0.10000   107.84055
   1.50000     0.10000   108.06793
   1.60000     0.10000   108.11036
   1.70000     0.10000   107.59903
   1.80000     0.10000   107.85903
   1.90000     0.10000   107.75842
   2.00000     0.10000   107.83855
   2.10000     0.10000   107.70102
   2.20000     0.10000   107.63125
   2.30000     0.10000   107.47108
   2.40000     0.10000   107.85300
   2.50000     0.10000   107.73121
   2.60000     0.10000   107.50882
   2.70000     0.10000   107.88106
   2.80000     0.10000   107.42570
   2.90000     0.10000   107.73150
   3.00000     0.10000   107.65777
   3.10000     0.10000   107.76242
   3.20000     0.10000   107.73086
   3.30000     0.10000   107.93623
   3.40000     0.10000   108.02763
   3.50000     0.10000   107.87199
   3.60000     0.10000   107.90273
   3.70000     0.10000   107.87394
   3.80000     0.10000   107.69743
   3.90000     0.10000   107.66669
   4.00000     0.10000   107.74968
   4.10000     0.10000   107.53586
   4.20000     0.10000   107.44805
   4.30000     0.10000   108.20441
   4.40000     0.10000   107.72133
   4.50000     0.10000   107.52833
   4.60000     0.10000   108.00320
   4.70000     0.10000   107.97964
   4.80000     0.10000   107.83173
   4.90000     0.10000   108.09914
   5.00000     0.10000   107.72966
   0.10000     0.20000   107.96903
   0.20000     0.20000   107.83406
   0.30000     0.20000   107.28885
   0.40000     0.20000   107.47968
   0.50000     0.20000   107.48819
   0.60000     0.20000   107.50112
   0.70000     0.20000   107.84773
   0.80000     0.20000   107.56174
   0.90000     0.20000   107.64650
   1.00000     0.20000   107.59654
   1.10000     0.20000   107.50392
   1.20000     0.20000   107.85500
   1.30000     0.20000   107.86875
   1.40000     0.20000   107.94538
   1.50000     0.20000   107.52840
   1.60000     0.20000   107.68206
   1.70000     0.20000   107.63086
   1.80000     0.20000   107.35942
   1.90000     0.20000   107.58772
   2.00000     0.20000   107.68764
   2.10000     0.20000   108.23675
   2.20000     0.20000   107.78006
   2.30000     0.20000   107.66445
   2.40000     0.20000   107.57029
   2.50000     0.20000   108.14090
   2.60000     0.20000   107.88298
   2.70000     0.20000   107.76556
   2.80000     0.20000   108.01537
   2.90000     0.20000   107.66920
   3.00000     0.20000   107.48949
   3.10000     0.20000   107.69128
   3.20000     0.20000   107.75880
   3.30000     0.20000   107.47235
   3.40000     0.20000   107.67827
   3.50000     0.20000   107.56519
   3.60000     0.20000   107.75249
   3.70000     0.20000   107.98065
   3.80000     0.20000   107.62313
   3.90000     0.20000   107.89249
   4.00000     0.20000   107.63362
   4.10000     0.20000   107.91607
   4.20000     0.20000   107.47678
   4.30000     0.20000   107.85331
   4.40000     0.20000   107.69327
   4.50000     0.20000   108.09245
   4.60000     0.20000   107.56198
   4.70000     0.20000   107.92256
   4.80000     0.20000   107.42035
   4.90000     0.20000   108.03555
   5.00000     0.20000   107.73063
   0.10000     0.30000   107.51289
   0.20000     0.30000   107.04058
   0.30000     0.30000   107.12716
   0.40000     0.30000   106.85887
   0.50000     0.30000   107.12022
   0.60000     0.30000   106.96504
   0.70000     0.30000   107.27833
   0.80000     0.30000   107.03231
   0.90000     0.30000   107.02820
   1.00000     0.30000   107.42868
   1.10000     0.30000   107.43564
   1.20000     0.30000   107.52610
   1.30000     0.30000   107.48257
   1.40000     0.30000   107.28255
   1.50000     0.30000   107.78541
   1.60000     0.30000   107.82866
   1.70000     0.30000   107.48555
   1.80000     0.30000   107.93570
   1.90000     0.30000   107.88535
   2.00000     0.30000   107.95781
   2.10000     0.30000   107.72255
   2.20000     0.30000   107.37788
   2.30000     0.30000   107.74122
   2.40000     0.30000   107.76541
   2.50000     0.30000   107.86735
   2.60000     0.30000   107.63991
   2.70000     0.30000   107.72793
   2.80000     0.30000   107.90059
   2.90000     0.30000   107.73240
   3.00000     0.30000   107.32686
   3.10000     0.30000   107.81101
   3.20000     0.30000   107.76382
   3.30000     0.30000   107.71391
   3.40000     0.30000   107.21518
   3.50000     0.30000   107.49163
   3.60000     0.30000   108.05856
   3.70000     0.30000   107.40551
   3.80000     0.30000   107.79986
   3.90000     0.30000   107.82440
   4.00000     0.30000   107.62535
   4.10000     0.30000   108.14653
   4.20000     0.30000   107.74196
   4.30000     0.30000   107.91436
   4.40000     0.30000   107.94829
   4.50000     0.30000   107.77468
   4.60000     0.30000   108.01743
   4.70000     0.30000   107.55809
   4.80000     0.30000   107.93520
   4.90000     0.30000   107.84676
   5.00000     0.30000   107.73535
   0.10000     0.40000   107.00654
   0.20000     0.40000   106.74055
   0.30000     0.40000   106.45712
   0.40000     0.40000   105.29861
   0.50000     0.40000   105.79971
   0.60000     0.40000   106.09670
   0.70000     0.40000   106.63532
   0.80000     0.40000   106.74378
   0.90000     0.40000   107.22906
   1.00000     0.40000   107.50920
   1.10000     0.40000   107.72935
   1.20000     0.40000   107.50820
   1.30000     0.40000   107.68121
   1.40000     0.40000   107.96218
   1.50000     0.40000   107.74817
   1.60000     0.40000   107.75866
   1.70000     0.40000   107.80075
   1.80000     0.40000   107.86888
   1.90000     0.40000   107.93383
   2.00000     0.40000   107.41814
   2.10000     0.40000   107.72970
   2.20000     0.40000   108.10082
   2.30000     0.40000   107.86741
   2.40000     0.40000   107.53310
   2.50000     0.40000   107.72565
   2.60000     0.40000   107.95138
   2.70000     0.40000   108.04532
   2.80000     0.40000   108.04636
   2.90000     0.40000   107.94369
   3.00000     0.40000   107.83064
   3.10000     0.40000   107.93291
   3.20000     0.40000   107.71915
   3.30000     0.40000   107.35660
   3.40000     0.40000   108.15290
   3.50000     0.40000   107.55037
   3.60000     0.40000   107.99204
   3.70000     0.40000   107.85132
   3.80000     0.40000   107.65822
   3.90000     0.40000   107.82893
   4.00000     0.40000   107.33264
   4.10000     0.40000   107.90430
   4.20000     0.40000   107.70590
   4.30000     0.40000   107.97889
   4.40000     0.40000   107.51220
   4.50000     0.40000   107.75845
   4.60000     0.40000   108.05482
   4.70000     0.40000   107.50638
   4.80000     0.40000   107.54207
   4.90000     0.40000   107.32130
   5.00000     0.40000   107.49936
   0.10000     0.50000   107.47842
   0.20000     0.50000   107.20467
   0.30000     0.50000   106.52084
   0.40000     0.50000   105.78488
   0.50000     0.50000   104.45605
   0.60000     0.50000   102.28495
   0.70000     0.50000   104.46655
   0.80000     0.50000   106.03345
   0.90000     0.50000   106.88565
   1.00000     0.50000   107.60140
   1.10000     0.50000   107.57418
   1.20000     0.50000   107.42224
   1.30000     0.50000   107.42423
   1.40000     0.50000   107.54817
   1.50000     0.50000   107.39328
   1.60000     0.50000   107.64736
   1.70000     0.50000   107.71297
   1.80000     0.50000   107.53301
   1.90000     0.50000   107.74656
   2.00000     0.50000   107.37316
   2.10000     0.50000   107.62212
   2.20000     0.50000   107.23893
   2.30000     0.50000   107.65328
   2.40000     0.50000   107.88081
   2.50000     0.50000   107.79065
   2.60000     0.50000   107.75732
   2.70000     0.50000   107.68894
   2.80000     0.50000   107.88026
   2.90000     0.50000   107.97533
   3.00000     0.50000   107.65476
   3.10000     0.50000   107.84822
   3.20000     0.50000   107.93800
   3.30000     0.50000   108.05527
   3.40000     0.50000   108.24213
   3.50000     0.50000   108.08904
   3.60000     0.50000   107.71388
   3.70000     0.50000   107.59481
   3.80000     0.50000   107.61178
   3.90000     0.50000   107.73799
   4.00000     0.50000   107.59498
   4.10000     0.50000   107.74440
   4.20000     0.50000   107.32627
   4.30000     0.50000   107.87738
   4.40000     0.50000   107.86869
   4.50000     0.50000   107.72451
   4.60000     0.50000   107.80821
   4.70000     0.50000   107.96327
   4.80000     0.50000   107.52331
   4.90000     0.50000   107.68269
   5.00000     0.50000   107.83757
   0.10000     0.60000   107.68508
   0.20000     0.60000   106.94265
   0.30000     0.60000   106.66698
   0.40000     0.60000   106.83724
   0.50000     0.60000   105.75219
   0.60000     0.60000   105.96901
   0.70000     0.60000   105.56880
   0.80000     0.60000   104.62554
   0.90000     0.60000   106.82276
   1.00000     0.60000   107.75464
   1.10000     0.60000   107.57970
   1.20000     0.60000   107.48313
   1.30000     0.60000   108.12485
   1.40000     0.60000   107.48706
   1.50000     0.60000   108.01959
   1.60000     0.60000   107.79704
   1.70000     0.60000   107.51850
   1.80000     0.60000   107.70338
   1.90000     0.60000   107.79164
   2.00000     0.60000   107.62786
   2.10000     0.60000   107.73621
   2.20000     0.60000   107.68649
   2.30000     0.60000   107.73575
   2.40000     0.60000   107.76467
   2.50000     0.60000   107.85305
   2.60000     0.60000   107.79887
   2.70000     0.60000   108.06637
   2.80000     0.60000   108.06565
   2.90000     0.60000   107.78568
   3.00000     0.60000   107.70734
   3.10000     0.60000   107.92972
   3.20000     0.60000   107.98822
   3.30000     0.60000   107.57533
   3.40000     0.60000   107.85692
   3.50000     0.60000   107.88420
   3.60000     0.60000   107.71626
   3.70000     0.60000   107.63128
   3.80000     0.60000   107.61589
   3.90000     0.60000   107.72166
   4.00000     0.60000   107.68167
   4.10000     0.60000   107.60149
   4.20000     0.60000   108.01635
   4.30000     0.60000   107.56530
   4.40000     0.60000   107.65306
   4.50000     0.60000   107.62354
   4.60000     0.60000   107.59487
   4.70000     0.60000   107.76063
   4.80000     0.60000   107.63458
   4.90000     0.60000   107.60690
   5.00000     0.60000   107.98136
   0.10000     0.70000   107.40788
   0.20000     0.70000   107.30115
   0.30000     0.70000   106.74471
   0.40000     0.70000   106.83841
   0.50000     0.70000   106.13515
   0.60000     0.70000   105.65953
   0.70000     0.70000   105.08135
   0.80000     0.70000   104.53056
   0.90000     0.70000   103.93796
   1.00000     0.70000   103.42577
   1.10000     0.70000   107.58516
   1.20000     0.70000   108.02898
   1.30000     0.70000   107.57852
   1.40000     0.70000   107.81363
   1.50000     0.70000   107.96861
   1.60000     0.70000   108.07722
   1.70000     0.70000   107.54014
   1.80000     0.70000   108.03973
   1.90000     0.70000   107.61662
   2.00000     0.70000   107.92218
   2.10000     0.70000   108.12463
   2.20000     0.70000   107.75803
   2.30000     0.70000   107.61587
   2.40000     0.70000   107.82726
   2.50000     0.70000   107.93587
   2.60000     0.70000   107.55441
   2.70000     0.70000   107.70006
   2.80000     0.70000   107.69050
   2.90000     0.70000   107.81050
   3.00000     0.70000   107.95238
   3.10000     0.70000   108.02004
   3.20000     0.70000   107.93663
   3.30000     0.70000   108.05671
   3.40000     0.70000   107.23924
   3.50000     0.70000   107.49121
   3.60000     0.70000   107.89405
   3.70000     0.70000   107.39042
   3.80000     0.70000   107.83336
   3.90000     0.70000   107.62848
   4.00000     0.70000   107.95033
   4.10000     0.70000   107.48495
   4.20000     0.70000   107.77249
   4.30000     0.70000   107.92387
   4.40000     0.70000   107.62912
   4.50000     0.70000   107.24593
   4.60000     0.70000   107.42121
   4.70000     0.70000   107.53024
   4.80000     0.70000   107.68661
   4.90000     0.70000   107.57101
   5.00000     0.70000   107.70499
   0.10000     0.80000   107.77532
   0.20000     0.80000   107.33082
   0.30000     0.80000   106.50469
   0.40000     0.80000   106.49083
   0.50000     0.80000   105.82074
   0.60000     0.80000   105.70995
   0.70000     0.80000   105.31514
   0.80000     0.80000   104.57665
   0.90000     0.80000   104.01757
   1.00000     0.80000   103.02579
   1.10000     0.80000   101.58532
   1.20000     0.80000   107.80178
   1.30000     0.80000   108.12404
   1.40000     0.80000   107.80847
   1.50000     0.80000   107.56936
   1.60000     0.80000   107.56144
   1.70000     0.80000   107.78859
   1.80000     0.80000   107.71759
   1.90000     0.80000   107.88874
   2.00000     0.80000   107.91946
   2.10000     0.80000   107.53076
   2.20000     0.80000   107.91518
   2.30000     0.80000   107.81860
   2.40000     0.80000   107.64678
   2.50000     0.80000   107.85078
   2.60000     0.80000   107.78107
   2.70000     0.80000   107.93741
   2.80000     0.80000   107.65530
   2.90000     0.80000   108.00033
   3.00000     0.80000   107.82347
   3.10000     0.80000   107.66998
   3.20000     0.80000   107.78065
   3.30000     0.80000   107.46030
   3.40000     0.80000   107.86931
   3.50000     0.80000   107.86981
   3.60000     0.80000   107.85717
   3.70000     0.80000   107.57802
   3.80000     0.80000   107.39687
   3.90000     0.80000   108.00466
   4.00000     0.80000   107.74859
   4.10000     0.80000   107.54624
   4.20000     0.80000   108.03646
   4.30000     0.80000   108.26453
   4.40000     0.80000   108.07624
   4.50000     0.80000   107.68518
   4.60000     0.80000   107.67202
   4.70000     0.80000   108.04094
   4.80000     0.80000   107.85389
   4.90000     0.80000   107.81317
   5.00000     0.80000   107.68474
   0.10000     0.90000   107.51006
   0.20000     0.90000   107.15627
   0.30000     0.90000   106.97303
   0.40000     0.90000   106.39724
   0.50000     0.90000   105.48188
   0.60000     0.90000   105.30542
   0.70000     0.90000   104.95090
   0.80000     0.90000   103.81721
   0.90000     0.90000   103.69603
   1.00000     0.90000   102.60173
   1.10000     0.90000   101.20761
   1.20000     0.90000   100.26879
   1.30000     0.90000   107.95985
   1.40000     0.90000   107.64540
   1.50000     0.90000   107.32408
   1.60000     0.90000   107.62229
   1.70000     0.90000   107.77266
   1.80000     0.90000   107.88897
   1.90000     0.90000   107.92841
   2.00000     0.90000   108.01814
   2.10000     0.90000   107.70486
   2.20000     0.90000   108.29692
   2.30000     0.90000   107.88378
   2.40000     0.90000   107.63613
   2.50000     0.90000   107.73638
   2.60000     0.90000   107.77358
   2.70000     0.90000   107.29405
   2.80000     0.90000   107.42378
   2.90000     0.90000   108.05868
   3.00000     0.90000   107.49668
   3.10000     0.90000   107.78234
   3.20000     0.90000   107.38573
   3.30000     0.90000   107.94482
   3.40000     0.90000   107.69903
   3.50000     0.90000   107.78597
   3.60000     0.90000   107.95931
   3.70000     0.90000   107.52405
   3.80000     0.90000   107.67428
   3.90000     0.90000   108.15195
   4.00000     0.90000   107.86131
   4.10000     0.90000   107.80828
   4.20000     0.90000   108.13697
   4.30000     0.90000   107.43515
   4.40000     0.90000   107.63505
   4.50000     0.90000   107.98705
   4.60000     0.90000   107.49611
   4.70000     0.90000   107.97718
   4.80000     0.90000   107.62061
   4.90000     0.90000   107.86419
   5.00000     0.90000   107.91267
   0.10000     1.00000   107.11635
   0.20000     1.00000   106.71649
   0.30000     1.00000   106.76679
   0.40000     1.00000   106.21869
   0.50000     1.00000   105.73603
   0.60000     1.00000   105.10547
   0.70000     1.00000   104.19311
   0.80000     1.00000   103.23170
   0.90000     1.00000   103.23951
   1.00000     1.00000   101.75969
   1.10000     1.00000   100.91473
   1.20000     1.00000   100.12997
   1.30000     1.00000   107.45346
   1.40000     1.00000   108.12036
   1.50000     1.00000   107.82043
   1.60000     1.00000   107.55146
   1.70000     1.00000   107.35085
   1.80000     1.00000   107.82893
   1.90000     1.00000   107.87951
   2.00000     1.00000   107.69391
   2.10000     1.00000   107.77360
   2.20000     1.00000   107.56282
   2.30000     1.00000   107.56216
   2.40000     1.00000   107.69328
   2.50000     1.00000   107.55681
   2.60000     1.00000   107.30914
   2.70000     1.00000   107.76991
   2.80000     1.00000   108.19070
   2.90000     1.00000   107.94798
   3.00000     1.00000   107.96429
   3.10000     1.00000   107.74613
   3.20000     1.00000   107.73883
   3.30000     1.00000   107.62330
   3.40000     1.00000   107.89022
   3.50000     1.00000   108.36308
   3.60000     1.00000   107.74815
   3.70000     1.00000   107.54954
   3.80000     1.00000   107.46832
   3.90000     1.00000   107.92618
   4.00000     1.00000   107.52460
   4.10000     1.00000   107.65796
   4.20000     1.00000   107.69010
   4.30000     1.00000   107.79587
   4.40000     1.00000   107.86301
   4.50000     1.00000   107.86716
   4.60000     1.00000   107.76948
   4.70000     1.00000   107.79861
   4.80000     1.00000   107.53935
   4.90000     1.00000   107.47101
   5.00000     1.00000   107.87963
   0.10000     1.10000   107.81030
   0.20000     1.10000   107.16362
   0.30000     1.10000   106.46082
   0.40000     1.10000   106.55082
   0.50000     1.10000   105.89501
   0.60000     1.10000   105.24805
   0.70000     1.10000   104.06942
   0.80000     1.10000   103.08577
   0.90000     1.10000   102.09699
   1.00000     1.10000   101.39205
   1.10000     1.10000   100.18695
   1.20000     1.10000    99.00023
   1.30000     1.10000   108.04943
   1.40000     1.10000   107.59876
   1.50000     1.10000   107.55268
   1.60000     1.10000   107.58545
   1.70000     1.10000   107.79290
   1.80000     1.10000   107.43266
   1.90000     1.10000   107.93354
   2.00000     1.10000   107.54702
   2.10000     1.10000   107.63188
   2.20000     1.10000   107.82523
   2.30000     1.10000   107.65946
   2.40000     1.10000   107.87693
   2.50000     1.10000   107.90878
   2.60000     1.10000   107.57485
   2.70000     1.10000   107.78860
   2.80000     1.10000   107.75536
   2.90000     1.10000   107.47300
   3.00000     1.10000   108.09486
   3.10000     1.10000   107.65380
   3.20000     1.10000   107.75904
   3.30000     1.10000   107.70657
   3.40000     1.10000   107.17690
   3.50000     1.10000   107.81188
   3.60000     1.10000   107.75539
   3.70000     1.10000   107.89522
   3.80000     1.10000   107.74288
   3.90000     1.10000   107.88195
   4.00000     1.10000   107.90285
   4.10000     1.10000   107.33677
   4.20000     1.10000   107.71120
   4.30000     1.10000   107.81262
   4.40000     1.10000   107.49595
   4.50000     1.10000   107.57934
   4.60000     1.10000   107.60907
   4.70000     1.10000   107.65364
   4.80000     1.10000   108.04553
   4.90000     1.10000   107.86078
   5.00000     1.10000   107.49841
   0.10000     1.20000   107.16858
   0.20000     1.20000   106.74287
   0.30000     1.20000   106.91307
   0.40000     1.20000   106.03404
   0.50000     1.20000   105.32730
   0.60000     1.20000   104.90300
   0.70000     1.20000   104.02818
   0.80000     1.20000   102.36488
   0.90000     1.20000   101.59018
   1.00000     1.20000   100.42521
   1.10000     1.20000    99.37432
   1.20000     1.20000    98.29561
   1.30000     1.20000   107.85084
   1.40000     1.20000   107.60470
   1.50000     1.20000   107.36414
   1.60000     1.20000   107.84719
   1.70000     1.20000   107.92289
   1.80000     1.20000   107.90490
   1.90000     1.20000   107.72631
   2.00000     1.20000   108.09242
   2.10000     1.20000   108.01363
   2.20000     1.20000   107.83853
   2.30000     1.20000   107.90458
   2.40000     1.20000   107.69746
   2.50000     1.20000   107.71195
   2.60000     1.20000   107.67771
   2.70000     1.20000   107.75968
   2.80000     1.20000   108.07933
   2.90000     1.20000   107.65803
   3.00000     1.20000   107.73238
   3.10000     1.20000   107.66017
   3.20000     1.20000   107.86573
   3.30000     1.20000   107.63632
   3.40000     1.20000   107.39488
   3.50000     1.20000   107.77666
   3.60000     1.20000   107.92071
   3.70000     1.20000   107.43050
   3.80000     1.20000   107.53948
   3.90000     1.20000   107.77391
   4.00000     1.20000   107.84464
   4.10000     1.20000   107.68304
   4.20000     1.20000   107.42489
   4.30000     1.20000   107.66234
   4.40000     1.20000   107.51872
   4.50000     1.20000   107.92456
   4.60000     1.20000   107.79180
   4.70000     1.20000   107.27546
   4.80000     1.20000   107.95210
   4.90000     1.20000   107.44298
   5.00000     1.20000   107.69244
   0.10000     1.30000   107.54905
   0.20000     1.30000   107.09757
   0.30000     1.30000   106.49562
   0.40000     1.30000   105.58502
   0.50000     1.30000   105.41493
   0.60000     1.30000   104.16785
   0.70000     1.30000   103.07367
   0.80000     1.30000   102.43755
   0.90000     1.30000   100.81172
   1.00000     1.30000   100.24526
   1.10000     1.30000    98.80571
   1.20000     1.30000    97.65091
   1.30000     1.30000    96.68449
   1.40000     1.30000   107.43353
   1.50000     1.30000   107.85556
   1.60000     1.30000   107.56848
   1.70000     1.30000   107.91315
   1.80000     1.30000   107.89029
   1.90000     1.30000   107.75981
   2.00000     1.30000   107.93236
   2.10000     1.30000   107.75502
   2.20000     1.30000   107.89934
   2.30000     1.30000   107.58404
   2.40000     1.30000   107.69243
   2.50000     1.30000   108.18795
   2.60000     1.30000   107.67527
   2.70000     1.30000   108.11696
   2.80000     1.30000   107.53963
   2.90000     1.30000   108.09666
   3.00000     1.30000   107.79527
   3.10000     1.30000   107.97581
   3.20000     1.30000   107.67656
   3.30000     1.30000   107.67558
   3.40000     1.30000   107.65300
   3.50000     1.30000   107.68636
   3.60000     1.30000   107.20433
   3.70000     1.30000   107.82134
   3.80000     1.30000   107.91463
   3.90000     1.30000   107.64004
   4.00000     1.30000   107.57087
   4.10000     1.30000   107.76607
   4.20000     1.30000   107.64146
   4.30000     1.30000   107.50657
   4.40000     1.30000   107.85742
   4.50000     1.30000   107.70384
   4.60000     1.30000   107.67127
   4.70000     1.30000   107.84703
   4.80000     1.30000   107.97275
   4.90000     1.30000   108.07949
   5.00000     1.30000   107.64258
   0.10000     1.40000   107.57414
   0.20000     1.40000   106.87873
   0.30000     1.40000   106.92222
   0.40000     1.40000   105.59593
   0.50000     1.40000   104.72441
   0.60000     1.40000   104.00410
   0.70000     1.40000   102.90506
   0.80000     1.40000   102.35753
   0.90000     1.40000   100.51028
   1.00000     1.40000    99.72207
   1.10000     1.40000    98.00761
   1.20000     1.40000    96.79723
   1.30000     1.40000    95.93671
   1.40000     1.40000   107.99219
   1.50000     1.40000   107.75468
   1.60000     1.40000   107.78826
   1.70000     1.40000   107.66026
   1.80000     1.40000   107.48304
   1.90000     1.40000   107.53624
   2.00000     1.40000   107.78512
   2.10000     1.40000   107.59904
   2.20000     1.40000   107.85614
   2.30000     1.40000   107.96325
   2.40000     1.40000   108.11117
   2.50000     1.40000   107.96937
   2.60000     1.40000   107.71932
   2.70000     1.40000   107.39926
   2.80000     1.40000   107.68683
   2.90000     1.40000   107.82347
   3.00000     1.40000   107.74597
   3.10000     1.40000   107.85001
   3.20000     1.40000   107.60682
   3.30000     1.40000   107.64332
   3.40000     1.40000   107.98746
   3.50000     1.40000   107.77931
   3.60000     1.40000   107.63713
   3.70000     1.40000   107.60131
   3.80000     1.40000   107.63694
   3.90000     1.40000   107.53033
   4.00000     1.40000   107.67650
   4.10000     1.40000   107.56711
   4.20000     1.40000   107.78834
   4.30000     1.40000   107.95119
   4.40000     1.40000   107.14850
   4.50000     1.40000   106.84816
   4.60000     1.40000   107.91297
   4.70000     1.40000   107.57109
   4.80000     1.40000   107.82324
   4.90000     1.40000   107.72439
   5.00000     1.40000   107.81330
   0.10000     1.50000   107.31337
   0.20000     1.50000   107.21720
   0.30000     1.50000   106.12148
   0.40000     1.50000   105.71355
   0.50000     1.50000   105.07981
   0.60000     1.50000   103.90037
   0.70000     1.50000   102.61330
   0.80000     1.50000   101.25734
   0.90000     1.50000   100.25885
   1.00000     1.50000    98.79439
   1.10000     1.50000    97.83205
   1.20000     1.50000    96.22467
   1.30000     1.50000    94.89793
   1.40000     1.50000   107.98824
   1.50000     1.50000   107.85472
   1.60000     1.50000   107.51781
   1.70000     1.50000   107.68396
   1.80000     1.50000   107.25557
   1.90000     1.50000   107.73171
   2.00000     1.50000   107.65410
   2.10000     1.50000   107.68637
   2.20000     1.50000   107.41237
   2.30000     1.50000   107.64690
   2.40000     1.50000   107.98574
   2.50000     1.50000   108.00485
   2.60000     1.50000   107.53045
   2.70000     1.50000   107.67966
   2.80000     1.50000   107.72228
   2.90000     1.50000   108.14816
   3.00000     1.50000   107.61907
   3.10000     1.50000   107.85667
   3.20000     1.50000   108.03182
   3.30000     1.50000   107.27716
   3.40000     1.50000   108.19299
   3.50000     1.50000   107.68107
   3.60000     1.50000   107.67564
   3.70000     1.50000   107.86351
   3.80000     1.50000   107.50216
   3.90000     1.50000   107.75112
   4.00000     1.50000   107.77306
   4.10000     1.50000   107.49908
   4.20000     1.50000   107.73139
   4.30000     1.50000   107.99495
   4.40000     1.50000   107.72330
   4.50000     1.50000   107.95767
   4.60000     1.50000   107.58643
   4.70000     1.50000   107.77868
   4.80000     1.50000   107.91975
   4.90000     1.50000   107.80709
   5.00000     1.50000   107.74999
   0.10000     1.60000   107.70346
   0.20000     1.60000   107.26065
   0.30000     1.60000   106.39125
   0.40000     1.60000   105.85665
   0.50000     1.60000   104.68383
   0.60000     1.60000   103.26373
   0.70000     1.60000   102.45014
   0.80000     1.60000   101.19546
   0.90000     1.60000    99.67264
   1.00000     1.60000    98.52302
   1.10000     1.60000    96.91104
   1.20000     1.60000    95.64636
   1.30000     1.60000   107.71088
   1.40000     1.60000   107.77469
   1.50000     1.60000   107.85020
   1.60000     1.60000   107.37835
   1.70000     1.60000   107.75726
   1.80000     1.60000   107.69049
   1.90000     1.60000   107.21910
   2.00000     1.60000   107.53881
   2.10000     1.60000   107.78040
   2.20000     1.60000   107.78139
   2.30000     1.60000   107.66560
   2.40000     1.60000   107.60877
   2.50000     1.60000   107.89789
   2.60000     1.60000   107.83599
   2.70000     1.60000   107.56478
   2.80000     1.60000   107.34467
   2.90000     1.60000   107.72037
   3.00000     1.60000   107.79532
   3.10000     1.60000   107.60435
   3.20000     1.60000   107.67943
   3.30000     1.60000   107.70200
   3.40000     1.60000   107.78818
   3.50000     1.60000   107.50587
   3.60000     1.60000   107.80354
   3.70000     1.60000   107.95295
   3.80000     1.60000   107.73285
   3.90000     1.60000   107.96095
   4.00000     1.60000   107.91185
   4.10000     1.60000   107.19689
   4.20000     1.60000   107.92255
   4.30000     1.60000   108.27702
   4.40000     1.60000   108.08200
   4.50000     1.60000   108.08823
   4.60000     1.60000   107.73322
   4.70000     1.60000   107.78835
   4.80000     1.60000   107.92034
   4.90000     1.60000   107.71761
   5.00000     1.60000   107.81948
   0.10000     1.70000   107.25593
   0.20000     1.70000   106.92758
   0.30000     1.70000   106.45417
   0.40000     1.70000   105.50425
   0.50000     1.70000   104.39382
   0.60000     1.70000   103.59446
   0.70000     1.70000   101.46782
   0.80000     1.70000   100.64427
   0.90000     1.70000    99.32436
   1.00000     1.70000    97.66545
   1.10000     1.70000    96.33757
   1.20000     1.70000    94.53430
   1.30000     1.70000   107.85583
   1.40000     1.70000   107.94229
   1.50000     1.70000   108.01146
   1.60000     1.70000   107.80601
   1.70000     1.70000   107.84761
   1.80000     1.70000   107.43556
   1.90000     1.70000   107.60041
   2.00000     1.70000   107.71065
   2.10000     1.70000   107.73720
   2.20000     1.70000   108.16785
   2.30000     1.70000   107.48005
   2.40000     1.70000   107.83119
   2.50000     1.70000   107.72339
   2.60000     1.70000   107.53965
   2.70000     1.70000   107.51714
   2.80000     1.70000   107.71220
   2.90000     1.70000   107.81912
   3.00000     1.70000   107.54128
   3.10000     1.70000   107.69869
   3.20000     1.70000   107.90032
   3.30000     1.70000   107.62577
   3.40000     1.70000   107.50705
   3.50000     1.70000   107.97438
   3.60000     1.70000   107.17526
   3.70000     1.70000   107.65779
   3.80000     1.70000   107.56931
   3.90000     1.70000   107.55926
   4.00000     1.70000   107.47484
   4.10000     1.70000   107.81354
   4.20000     1.70000   107.76132
   4.30000     1.70000   107.63262
   4.40000     1.70000   107.88068
   4.50000     1.70000   107.29749
   4.60000     1.70000   108.03925
   4.70000     1.70000   107.66457
   4.80000     1.70000   107.72579
   4.90000     1.70000   107.44887
   5.00000     1.70000   107.74574
   0.10000     1.80000   107.09486
   0.20000     1.80000   106.75990
   0.30000     1.80000   106.18966
   0.40000     1.80000   105.11870
   0.50000     1.80000   103.68596
   0.60000     1.80000   102.67237
   0.70000     1.80000   101.87501
   0.80000     1.80000   100.16065
   0.90000     1.80000    98.45892
   1.00000     1.80000    97.02776
   1.10000     1.80000    96.07900
   1.20000     1.80000    94.40788
   1.30000     1.80000   107.56463
   1.40000     1.80000   107.76755
   1.50000     1.80000   107.90444
   1.60000     1.80000   107.49382
   1.70000     1.80000   108.06102
   1.80000     1.80000   107.83491
   1.90000     1.80000   107.81292
   2.00000     1.80000   107.88107
   2.10000     1.80000   107.89756
   2.20000     1.80000   107.98607
   2.30000     1.80000   107.62317
   2.40000     1.80000   107.54641
   2.50000     1.80000   107.56549
   2.60000     1.80000   107.58066
   2.70000     1.80000   107.50155
   2.80000     1.80000   107.54093
   2.90000     1.80000   107.89905
   3.00000     1.80000   107.46662
   3.10000     1.80000   107.94884
   3.20000     1.80000   107.71297
   3.30000     1.80000   108.00611
   3.40000     1.80000   107.43093
   3.50000     1.80000   107.70049
   3.60000     1.80000   107.74582
   3.70000     1.80000   107.91408
   3.80000     1.80000   107.56294
   3.90000     1.80000   107.90756
   4.00000     1.80000   108.03074
   4.10000     1.80000   107.70857
   4.20000     1.80000   107.81520
   4.30000     1.80000   107.69828
   4.40000     1.80000   107.94933
   4.50000     1.80000   107.77850
   4.60000     1.80000   108.00278
   4.70000     1.80000   107.67151
   4.80000     1.80000   107.23812
   4.90000     1.80000   107.66169
   5.00000     1.80000   107.64315
   0.10000     1.90000   106.73492
   0.20000     1.90000   106.70584
   0.30000     1.90000   105.78034
   0.40000     1.90000   104.96306
   0.50000     1.90000   104.05962
   0.60000     1.90000   102.72632
   0.70000     1.90000   101.47117
   0.80000     1.90000    99.76741
   0.90000     1.90000    98.19358
   1.00000     1.90000    96.87301
   1.10000     1.90000    95.30169
   1.20000     1.90000    93.67656
   1.30000     1.90000   107.92645
   1.40000     1.90000   107.92914
   1.50000     1.90000   107.66701
   1.60000     1.90000   107.98033
   1.70000     1.90000   107.46248
   1.80000     1.90000   107.93161
   1.90000     1.90000   107.96280
   2.00000     1.90000   107.59386
   2.10000     1.90000   107.71884
   2.20000     1.90000   107.85075
   2.30000     1.90000   107.79935
   2.40000     1.90000   107.91806
   2.50000     1.90000   107.45849
   2.60000     1.90000   107.68778
   2.70000     1.90000   107.96847
   2.80000     1.90000   107.51755
   2.90000     1.90000   107.40429
   3.00000     1.90000   107.79044
   3.10000     1.90000   107.63126
   3.20000     1.90000   107.34845
   3.30000     1.90000   107.49880
   3.40000     1.90000   107.69618
   3.50000     1.90000   107.79126
   3.60000     1.90000   107.71275
   3.70000     1.90000   107.65286
   3.80000     1.90000   107.78180
   3.90000     1.90000   107.78264
   4.00000     1.90000   107.37424
   4.10000     1.90000   107.76888
   4.20000     1.90000   107.90599
   4.30000     1.90000   107.59183
   4.40000     1.90000   107.60045
   4.50000     1.90000   107.53527
   4.60000     1.90000   107.74472
   4.70000     1.90000   107.68688
   4.80000     1.90000   107.91661
   4.90000     1.90000   107.33381
   5.00000     1.90000   107.88702
   0.10000     2.00000   107.05459
   0.20000     2.00000   106.78245
   0.30000     2.00000   106.05777
   0.40000     2.00000   105.06315
   0.50000     2.00000   103.56354
   0.60000     2.00000   102.15313
   0.70000     2.00000   101.06612
   0.80000     2.00000    99.05816
   0.90000     2.00000    97.55531
   1.00000     2.00000    96.03370
   1.10000     2.00000    94.86296
   1.20000     2.00000    93.62581
   1.30000     2.00000   107.77224
   1.40000     2.00000   107.73278
   1.50000     2.00000   107.57605
   1.60000     2.00000   107.56216
   1.70000     2.00000   108.00436
   1.80000     2.00000   108.05136
   1.90000     2.00000   107.46413
   2.00000     2.00000   107.82920
   2.10000     2.00000   107.81025
   2.20000     2.00000   107.85948
   2.30000     2.00000   107.66791
   2.40000     2.00000   107.71169
   2.50000     2.00000   107.46355
   2.60000     2.00000   108.15345
   2.70000     2.00000   107.58024
   2.80000     2.00000   107.44540
   2.90000     2.00000   107.55891
   3.00000     2.00000   107.79961
   3.10000     2.00000   107.47664
   3.20000     2.00000   107.36464
   3.30000     2.00000   107.66640
   3.40000     2.00000   107.76165
   3.50000     2.00000   107.98920
   3.60000     2.00000   107.64838
   3.70000     2.00000   107.39275
   3.80000     2.00000   107.65677
   3.90000     2.00000   107.45029
   4.00000     2.00000   107.68399
   4.10000     2.00000   107.73205
   4.20000     2.00000   107.71622
   4.30000     2.00000   107.98570
   4.40000     2.00000   107.59484
   4.50000     2.00000   107.79897
   4.60000     2.00000   107.81937
   4.70000     2.00000   107.61530
   4.80000     2.00000   107.90576
   4.90000     2.00000   107.69556
   5.00000     2.00000   108.10100
   0.10000     2.10000   107.20389
   0.20000     2.10000   106.48712
   0.30000     2.10000   105.96724
   0.40000     2.10000   104.86306
   0.50000     2.10000   103.37362
   0.60000     2.10000   102.26725
   0.70000     2.10000   100.36026
   0.80000     2.10000    99.16644
   0.90000     2.10000    97.23060
   1.00000     2.10000    95.54827
   1.10000     2.10000    94.61118
   1.20000     2.10000    93.29860
   1.30000     2.10000   107.47220
   1.40000     2.10000   107.93919
   1.50000     2.10000   107.40729
   1.60000     2.10000   107.77980
   1.70000     2.10000   107.66790
   1.80000     2.10000   107.75947
   1.90000     2.10000   107.63040
   2.00000     2.10000   107.54793
   2.10000     2.10000   107.51347
   2.20000     2.10000   107.88836
   2.30000     2.10000   107.53730
   2.40000     2.10000   107.48830
   2.50000     2.10000   107.62301
   2.60000     2.10000   107.69940
   2.70000     2.10000   107.76633
   2.80000     2.10000   107.95528
   2.90000     2.10000   107.83932
   3.00000     2.10000   107.95734
   3.10000     2.10000   107.86494
   3.20000     2.10000   107.81871
   3.30000     2.10000   107.85633
   3.40000     2.10000   107.75067
   3.50000     2.10000   107.36519
   3.60000     2.10000   107.58430
   3.70000     2.10000   107.87023
   3.80000     2.10000   108.09484
   3.90000     2.10000   107.92371
   4.00000     2.10000   107.59141
   4.10000     2.10000   107.25367
   4.20000     2.10000   107.55382
   4.30000     2.10000   107.77403
   4.40000     2.10000   107.43860
   4.50000     2.10000   107.57409
   4.60000     2.10000   107.64868
   4.70000     2.10000   107.68612
   4.80000     2.10000   107.85012
   4.90000     2.10000   107.21824
   5.00000     2.10000   107.71165
   0.10000     2.20000   107.43834
   0.20000     2.20000   106.52300
   0.30000     2.20000   105.44259
   0.40000     2.20000   105.02022
   0.50000     2.20000   103.21967
   0.60000     2.20000   101.83614
   0.70000     2.20000   100.01198
   0.80000     2.20000    98.52211
   0.90000     2.20000    96.68938
   1.00000     2.20000    95.18180
   1.10000     2.20000    93.13285
   1.20000     2.20000    93.41302
   1.30000     2.20000   107.65401
   1.40000     2.20000   107.95303
   1.50000     2.20000   107.92519
   1.60000     2.20000   107.44157
   1.70000     2.20000   107.52676
   1.80000     2.20000   107.78854
   1.90000     2.20000   107.84798
   2.00000     2.20000   108.46177
   2.10000     2.20000   108.06110
   2.20000     2.20000   107.87270
   2.30000     2.20000   107.68268
   2.40000     2.20000   107.29221
   2.50000     2.20000   107.77306
   2.60000     2.20000   107.65138
   2.70000     2.20000   107.64799
   2.80000     2.20000   107.38897
   2.90000     2.20000   107.86122
   3.00000     2.20000   107.79068
   3.10000     2.20000   107.93179
   3.20000     2.20000   107.82063
   3.30000     2.20000   107.53792
   3.40000     2.20000   107.55029
   3.50000     2.20000   107.62602
   3.60000     2.20000   107.78765
   3.70000     2.20000   107.74187
   3.80000     2.20000   107.58002
   3.90000     2.20000   107.85669
   4.00000     2.20000   108.00183
   4.10000     2.20000   107.43930
   4.20000     2.20000   107.58724
   4.30000     2.20000   107.27202
   4.40000     2.20000   107.60646
   4.50000     2.20000   107.77902
   4.60000     2.20000   107.79901
   4.70000     2.20000   107.61604
   4.80000     2.20000   107.53091
   4.90000     2.20000   107.59297
   5.00000     2.20000   107.64683
   0.10000     2.30000   107.33707
   0.20000     2.30000   106.14871
   0.30000     2.30000   105.51437
   0.40000     2.30000   104.49936
   0.50000     2.30000   102.73418
   0.60000     2.30000   101.58467
   0.70000     2.30000    99.63110
   0.80000     2.30000    97.94083
   0.90000     2.30000    96.41476
   1.00000     2.30000    94.44946
   1.10000     2.30000    93.01808
   1.20000     2.30000    94.24099
   1.30000     2.30000   107.60561
   1.40000     2.30000   107.25828
   1.50000     2.30000   107.50017
   1.60000     2.30000   107.90378
   1.70000     2.30000   107.99256
   1.80000     2.30000   107.43539
   1.90000     2.30000   107.72280
   2.00000     2.30000   107.94745
   2.10000     2.30000   107.55355
   2.20000     2.30000   107.49197
   2.30000     2.30000   107.54598
   2.40000     2.30000   107.63281
   2.50000     2.30000   107.76418
   2.60000     2.30000   107.87875
   2.70000     2.30000   107.32513
   2.80000     2.30000   107.12989
   2.90000     2.30000   107.32587
   3.00000     2.30000   107.83385
   3.10000     2.30000   108.12131
   3.20000     2.30000   107.59060
   3.30000     2.30000   107.55901
   3.40000     2.30000   107.94566
   3.50000     2.30000   108.30907
   3.60000     2.30000   107.60656
   3.70000     2.30000   107.97548
   3.80000     2.30000   107.75037
   3.90000     2.30000   107.58333
   4.00000     2.30000   107.56187
   4.10000     2.30000   107.67123
   4.20000     2.30000   107.50840
   4.30000     2.30000   107.73529
   4.40000     2.30000   107.57995
   4.50000     2.30000   107.71705
   4.60000     2.30000   107.92941
   4.70000     2.30000   107.72989
   4.80000     2.30000   107.84496
   4.90000     2.30000   107.76375
   5.00000     2.30000   107.62155
   0.10000     2.40000   106.89775
   0.20000     2.40000   106.64492
   0.30000     2.40000   105.66645
   0.40000     2.40000   104.02453
   0.50000     2.40000   102.69843
   0.60000     2.40000   100.87263
   0.70000     2.40000    99.38327
   0.80000     2.40000    97.90896
   0.90000     2.40000    95.89439
   1.00000     2.40000    94.58313
   1.10000     2.40000    93.07323
   1.20000     2.40000    94.48682
   1.30000     2.40000   107.82332
   1.40000     2.40000   107.43228
   1.50000     2.40000   107.71216
   1.60000     2.40000   107.44450
   1.70000     2.40000   107.96070
   1.80000     2.40000   107.74990
   1.90000     2.40000   107.79448
   2.00000     2.40000   107.26573
   2.10000     2.40000   107.83932
   2.20000     2.40000   107.43090
   2.30000     2.40000   107.49177
   2.40000     2.40000   107.87078
   2.50000     2.40000   107.70757
   2.60000     2.40000   107.70592
   2.70000     2.40000   107.99500
   2.80000     2.40000   107.54674
   2.90000     2.40000   107.88991
   3.00000     2.40000   107.60662
   3.10000     2.40000   107.45516
   3.20000     2.40000   107.63678
   3.30000     2.40000   107.62828
   3.40000     2.40000   107.89676
   3.50000     2.40000   107.63207
   3.60000     2.40000   107.52942
   3.70000     2.40000   107.44682
   3.80000     2.40000   107.78303
   3.90000     2.40000   107.71347
   4.00000     2.40000   107.61388
   4.10000     2.40000   107.81738
   4.20000     2.40000   107.75320
   4.30000     2.40000   107.41972
   4.40000     2.40000   107.47825
   4.50000     2.40000   107.73434
   4.60000     2.40000   107.83634
   4.70000     2.40000   107.90129
   4.80000     2.40000   107.44594
   4.90000     2.40000   107.80967
   5.00000     2.40000   107.40113
   0.10000     2.50000   107.63689
   0.20000     2.50000   106.21445
   0.30000     2.50000   105.16512
   0.40000     2.50000   104.61439
   0.50000     2.50000   102.33192
   0.60000     2.50000   100.47869
   0.70000     2.50000    99.35147
   0.80000     2.50000    97.32079
   0.90000     2.50000    95.51093
   1.00000     2.50000    93.73475
   1.10000     2.50000    93.16955
   1.20000     2.50000    95.66958
   1.30000     2.50000   107.47475
   1.40000     2.50000   107.79768
   1.50000     2.50000   107.29509
   1.60000     2.50000   107.70811
   1.70000     2.50000   107.86433
   1.80000     2.50000   107.87762
   1.90000     2.50000   107.56254
   2.00000     2.50000   107.42507
   2.10000     2.50000   107.42047
   2.20000     2.50000   107.97838
   2.30000     2.50000   107.93467
   2.40000     2.50000   108.07931
   2.50000     2.50000   107.62628
   2.60000     2.50000   107.64197
   2.70000     2.50000   107.69050
   2.80000     2.50000   107.93687
   2.90000     2.50000   107.77588
   3.00000     2.50000   107.90028
   3.10000     2.50000   107.50066
   3.20000     2.50000   108.32505
   3.30000     2.50000   107.51484
   3.40000     2.50000   107.73405
   3.50000     2.50000   107.56239
   3.60000     2.50000   107.59271
   3.70000     2.50000   107.80602
   3.80000     2.50000   107.54771
   3.90000     2.50000   107.90330
   4.00000     2.50000   108.04621
   4.10000     2.50000   108.03005
   4.20000     2.50000   107.76344
   4.30000     2.50000   107.92817
   4.40000     2.50000   107.77260
   4.50000     2.50000   107.67225
   4.60000     2.50000   108.04007
   4.70000     2.50000   107.69029
   4.80000     2.50000   107.92985
   4.90000     2.50000   107.50186
   5.00000     2.50000   107.81970
   0.10000     2.60000   106.94885
   0.20000     2.60000   106.44862
   0.30000     2.60000   105.00424
   0.40000     2.60000   103.37195
   0.50000     2.60000   102.02681
   0.60000     2.60000   100.50356
   0.70000     2.60000    98.56308
   0.80000     2.60000    96.77579
   0.90000     2.60000    95.00052
   1.00000     2.60000    93.43490
   1.10000     2.60000    93.75769
   1.20000     2.60000   100.29567
   1.30000     2.60000   108.11372
   1.40000     2.60000   107.73732
   1.50000     2.60000   107.48010
   1.60000     2.60000   107.76689
   1.70000     2.60000   107.50341
   1.80000     2.60000   107.88353
   1.90000     2.60000   107.72002
   2.00000     2.60000   107.58159
   2.10000     2.60000   107.57246
   2.20000     2.60000   107.87172
   2.30000     2.60000   107.21995
   2.40000     2.60000   107.89793
   2.50000     2.60000   107.78534
   2.60000     2.60000   107.82742
   2.70000     2.60000   107.76570
   2.80000     2.60000   107.59377
   2.90000     2.60000   107.58660
   3.00000     2.60000   108.33512
   3.10000     2.60000   108.02441
   3.20000     2.60000   107.58309
   3.30000     2.60000   107.44188
   3.40000     2.60000   107.85195
   3.50000     2.60000   107.92070
   3.60000     2.60000   107.66780
   3.70000     2.60000   107.96084
   3.80000     2.60000   107.57820
   3.90000     2.60000   107.50016
   4.00000     2.60000   107.88422
   4.10000     2.60000   107.90513
   4.20000     2.60000   107.99508
   4.30000     2.60000   108.08727
   4.40000     2.60000   107.75052
   4.50000     2.60000   107.55635
   4.60000     2.60000   107.62918
   4.70000     2.60000   107.96746
   4.80000     2.60000   107.81821
   4.90000     2.60000   107.81353
   5.00000     2.60000   107.64167
   0.10000     2.70000   107.09893
   0.20000     2.70000   106.21147
   0.30000     2.70000   105.42411
   0.40000     2.70000   103.46137
   0.50000     2.70000   101.72764
   0.60000     2.70000   100.25056
   0.70000     2.70000    98.79641
   0.80000     2.70000    96.19037
   0.90000     2.70000    94.78146
   1.00000     2.70000    93.32027
   1.10000     2.70000    94.07185
   1.20000     2.70000   107.66420
   1.30000     2.70000   107.93813
   1.40000     2.70000   107.96186
   1.50000     2.70000   107.63095
   1.60000     2.70000   107.61349
   1.70000     2.70000   107.90245
   1.80000     2.70000   107.64055
   1.90000     2.70000   108.05031
   2.00000     2.70000   107.53135
   2.10000     2.70000   107.70838
   2.20000     2.70000   107.81224
   2.30000     2.70000   107.61495
   2.40000     2.70000   107.33560
   2.50000     2.70000   107.67532
   2.60000     2.70000   107.62775
   2.70000     2.70000   108.35331
   2.80000     2.70000   107.89256
   2.90000     2.70000   107.96558
   3.00000     2.70000   108.01924
   3.10000     2.70000   107.67597
   3.20000     2.70000   107.73462
   3.30000     2.70000   107.79344
   3.40000     2.70000   107.75434
   3.50000     2.70000   107.59944
   3.60000     2.70000   107.69254
   3.70000     2.70000   107.85543
   3.80000     2.70000   107.42335
   3.90000     2.70000   107.74456
   4.00000     2.70000   107.53963
   4.10000     2.70000   107.75793
   4.20000     2.70000   107.65885
   4.30000     2.70000   107.93922
   4.40000     2.70000   107.52980
   4.50000     2.70000   107.75633
   4.60000     2.70000   107.87533
   4.70000     2.70000   107.74940
   4.80000     2.70000   107.76579
   4.90000     2.70000   107.92594
   5.00000     2.70000   107.72909
   0.10000     2.80000   106.70982
   0.20000     2.80000   106.18610
   0.30000     2.80000   104.92250
   0.40000     2.80000   103.35919
   0.50000     2.80000   101.75796
   0.60000     2.80000    99.93298
   0.70000     2.80000    97.87002
   0.80000     2.80000    96.28444
   0.90000     2.80000    93.91537
   1.00000     2.80000    93.38051
   1.10000     2.80000    95.10723
   1.20000     2.80000   107.86877
   1.30000     2.80000   107.61812
   1.40000     2.80000   107.81959
   1.50000     2.80000   107.93952
   1.60000     2.80000   107.51229
   1.70000     2.80000   108.05097
   1.80000     2.80000   107.91906
   1.90000     2.80000   107.79829
   2.00000     2.80000   107.96883
   2.10000     2.80000   107.42888
   2.20000     2.80000   107.82676
   2.30000     2.80000   107.51957
   2.40000     2.80000   107.40503
   2.50000     2.80000   107.66650
   2.60000     2.80000   107.70438
   2.70000     2.80000   107.64223
   2.80000     2.80000   107.93314
   2.90000     2.80000   107.67943
   3.00000     2.80000   107.50761
   3.10000     2.80000   107.73470
   3.20000     2.80000   107.78281
   3.30000     2.80000   107.64224
   3.40000     2.80000   107.67474
   3.50000     2.80000   107.58879
   3.60000     2.80000   107.93573
   3.70000     2.80000   107.71878
   3.80000     2.80000   107.58257
   3.90000     2.80000   107.73440
   4.00000     2.80000   107.53268
   4.10000     2.80000   107.83143
   4.20000     2.80000   107.97524
   4.30000     2.80000   107.81598
   4.40000     2.80000   107.42917
   4.50000     2.80000   107.77261
   4.60000     2.80000   107.36477
   4.70000     2.80000   107.65115
   4.80000     2.80000   107.50319
   4.90000     2.80000   107.49681
   5.00000     2.80000   108.00085
   0.10000     2.90000   106.98172
   0.20000     2.90000   106.37242
   0.30000     2.90000   105.16843
   0.40000     2.90000   103.14462
   0.50000     2.90000   101.08756
   0.60000     2.90000    99.45745
   0.70000     2.90000    97.81497
   0.80000     2.90000    96.21584
   0.90000     2.90000    93.94635
   1.00000     2.90000    93.41766
   1.10000     2.90000    97.26192
   1.20000     2.90000   107.98491
   1.30000     2.90000   107.94747
   1.40000     2.90000   107.98288
   1.50000     2.90000   107.75329
   1.60000     2.90000   107.69528
   1.70000     2.90000   107.90462
   1.80000     2.90000   108.08496
   1.90000     2.90000   107.64668
   2.00000     2.90000   107.38998
   2.10000     2.90000   107.90668
   2.20000     2.90000   107.71559
   2.30000     2.90000   108.11334
   2.40000     2.90000   107.78906
   2.50000     2.90000   107.78764
   2.60000     2.90000   107.52881
   2.70000     2.90000   107.63765
   2.80000     2.90000   107.90161
   2.90000     2.90000   107.57421
   3.00000     2.90000   108.12830
   3.10000     2.90000   107.72453
   3.20000     2.90000   107.63003
   3.30000     2.90000   107.99399
   3.40000     2.90000   107.75714
   3.50000     2.90000   107.63586
   3.60000     2.90000   107.68826
   3.70000     2.90000   107.49763
   3.80000     2.90000   107.98129
   3.90000     2.90000   107.65121
   4.00000     2.90000   107.74386
   4.10000     2.90000   107.84567
   4.20000     2.90000   107.56391
   4.30000     2.90000   107.98578
   4.40000     2.90000   107.39128
   4.50000     2.90000   107.70035
   4.60000     2.90000   107.65901
   4.70000     2.90000   108.14632
   4.80000     2.90000   107.89972
   4.90000     2.90000   107.85771
   5.00000     2.90000   107.83877
   0.10000     3.00000   106.81177
   0.20000     3.00000   106.16740
   0.30000     3.00000   104.90147
   0.40000     3.00000   103.41657
   0.50000     3.00000   101.48532
   0.60000     3.00000    99.68947
   0.70000     3.00000    97.56029
   0.80000     3.00000    95.23096
   0.90000     3.00000    93.68244
   1.00000     3.00000    93.41682
   1.10000     3.00000   101.68906
   1.20000     3.00000   107.76183
   1.30000     3.00000   107.88143
   1.40000     3.00000   107.88735
   1.50000     3.00000   107.95027
   1.60000     3.00000   107.65004
   1.70000     3.00000   107.57088
   1.80000     3.00000   107.97147
   1.90000     3.00000   107.86359
   2.00000     3.00000   107.83728
   2.10000     3.00000   107.60776
   2.20000     3.00000   107.54782
   2.30000     3.00000   107.99892
   2.40000     3.00000   107.84477
   2.50000     3.00000   107.34256
   2.60000     3.00000   108.01204
   2.70000     3.00000   107.49834
   2.80000     3.00000   107.52754
   2.90000     3.00000   107.82286
   3.00000     3.00000   107.69670
   3.10000     3.00000   107.69641
   3.20000     3.00000   107.77002
   3.30000     3.00000   108.07974
   3.40000     3.00000   107.63896
   3.50000     3.00000   107.78489
   3.60000     3.00000   107.65808
   3.70000     3.00000   108.16033
   3.80000     3.00000   107.92907
   3.90000     3.00000   107.82267
   4.00000     3.00000   107.45240
   4.10000     3.00000   107.54357
   4.20000     3.00000   107.39693
   4.30000     3.00000   107.68921
   4.40000     3.00000   108.16847
   4.50000     3.00000   107.58500
   4.60000     3.00000   107.93005
   4.70000     3.00000   107.60199
   4.80000     3.00000   107.58828
   4.90000     3.00000   107.79830
   5.00000     3.00000   108.04664
   0.10000     3.10000   107.21861
   0.20000     3.10000   106.02123
   0.30000     3.10000   105.08087
   0.40000     3.10000   103.38624
   0.50000     3.10000   101.22125
   0.60000     3.10000    98.87030
   0.70000     3.10000    97.04343
   0.80000     3.10000    94.94639
   0.90000     3.10000    93.09909
   1.00000     3.10000    94.43332
   1.10000     3.10000   103.68947
   1.20000     3.10000   107.33231
   1.30000     3.10000   107.51700
   1.40000     3.10000   107.67171
   1.50000     3.10000   108.02019
   1.60000     3.10000   107.72685
   1.70000     3.10000   107.66324
   1.80000     3.10000   107.77856
   1.90000     3.10000   107.67775
   2.00000     3.10000   107.65394
   2.10000     3.10000   107.71784
   2.20000     3.10000   107.69661
   2.30000     3.10000   107.46430
   2.40000     3.10000   107.78412
   2.50000     3.10000   107.98249
   2.60000     3.10000   107.50049
   2.70000     3.10000   107.36015
   2.80000     3.10000   107.58084
   2.90000     3.10000   107.91822
   3.00000     3.10000   107.59151
   3.10000     3.10000   107.71520
   3.20000     3.10000   107.64099
   3.30000     3.10000   107.71986
   3.40000     3.10000   107.98689
   3.50000     3.10000   107.46490
   3.60000     3.10000   107.54269
   3.70000     3.10000   107.50904
   3.80000     3.10000   107.95491
   3.90000     3.10000   107.70259
   4.00000     3.10000   107.80952
   4.10000     3.10000   107.90780
   4.20000     3.10000   107.54863
   4.30000     3.10000   107.50571
   4.40000     3.10000   107.59571
   4.50000     3.10000   107.76330
   4.60000     3.10000   107.68144
   4.70000     3.10000   107.76179
   4.80000     3.10000   107.60772
   4.90000     3.10000   107.57027
   5.00000     3.10000   107.89678
   0.10000     3.20000   106.78782
   0.20000     3.20000   106.18005
   0.30000     3.20000   104.86132
   0.40000     3.20000   103.42962
   0.50000     3.20000   100.95820
   0.60000     3.20000    98.57093
   0.70000     3.20000    96.68973
   0.80000     3.20000    94.99127
   0.90000     3.20000    93.33562
   1.00000     3.20000    94.80939
   1.10000     3.20000   105.58281
   1.20000     3.20000   107.62158
   1.30000     3.20000   107.50934
   1.40000     3.20000   107.77884
   1.50000     3.20000   108.08366
   1.60000     3.20000   107.85573
   1.70000     3.20000   107.89279
   1.80000     3.20000   107.77137
   1.90000     3.20000   107.59137
   2.00000     3.20000   107.87535
   2.10000     3.20000   107.85177
   2.20000     3.20000   107.29107
   2.30000     3.20000   107.87256
   2.40000     3.20000   107.90017
   2.50000     3.20000   107.76187
   2.60000     3.20000   107.87452
   2.70000     3.20000   107.75161
   2.80000     3.20000   107.60036
   2.90000     3.20000   107.59467
   3.00000     3.20000   107.70257
   3.10000     3.20000   107.68369
   3.20000     3.20000   107.68689
   3.30000     3.20000   107.45721
   3.40000     3.20000   107.83877
   3.50000     3.20000   107.82828
   3.60000     3.20000   108.05457
   3.70000     3.20000   108.01020
   3.80000     3.20000   107.54991
   3.90000     3.20000   107.41928
   4.00000     3.20000   107.75918
   4.10000     3.20000   107.75234
   4.20000     3.20000   107.35533
   4.30000     3.20000   107.59409
   4.40000     3.20000   107.02632
   4.50000     3.20000   107.64056
   4.60000     3.20000   107.97776
   4.70000     3.20000   107.65091
   4.80000     3.20000   107.72378
   4.90000     3.20000   107.87592
   5.00000     3.20000   107.84570
   0.10000     3.30000   107.02367
   0.20000     3.30000   106.28652
   0.30000     3.30000   105.15586
   0.40000     3.30000   103.21026
   0.50000     3.30000   100.96777
   0.60000     3.30000    98.73408
   0.70000     3.30000    96.28470
   0.80000     3.30000    94.57068
   0.90000     3.30000    93.05129
   1.00000     3.30000    95.96396
   1.10000     3.30000   107.80287
   1.20000     3.30000   107.67762
   1.30000     3.30000   107.89490
   1.40000     3.30000   107.76464
   1.50000     3.30000   107.66269
   1.60000     3.30000   107.52201
   1.70000     3.30000   107.79158
   1.80000     3.30000   107.71383
   1.90000     3.30000   107.84298
   2.00000     3.30000   107.92300
   2.10000     3.30000   107.91017
   2.20000     3.30000   107.97527
   2.30000     3.30000   107.82319
   2.40000     3.30000   108.00061
   2.50000     3.30000   107.74637
   2.60000     3.30000   107.64274
   2.70000     3.30000   107.81983
   2.80000     3.30000   107.51910
   2.90000     3.30000   107.66526
   3.00000     3.30000   107.59676
   3.10000     3.30000   107.40654
   3.20000     3.30000   107.21685
   3.30000     3.30000   107.94995
   3.40000     3.30000   107.94246
   3.50000     3.30000   107.65586
   3.60000     3.30000   107.54617
   3.70000     3.30000   107.85936
   3.80000     3.30000   107.91492
   3.90000     3.30000   107.65600
   4.00000     3.30000   107.56561
   4.10000     3.30000   108.07199
   4.20000     3.30000   107.47115
   4.30000     3.30000   107.91290
   4.40000     3.30000   107.72550
   4.50000     3.30000   107.79586
   4.60000     3.30000   107.75058
   4.70000     3.30000   107.72289
   4.80000     3.30000   107.45264
   4.90000     3.30000   107.56965
   5.00000     3.30000   107.75772
   0.10000     3.40000   106.91097
   0.20000     3.40000   105.63977
   0.30000     3.40000   104.87072
   0.40000     3.40000   102.98032
   0.50000     3.40000   100.40297
   0.60000     3.40000    98.15401
   0.70000     3.40000    96.20205
   0.80000     3.40000    93.86915
   0.90000     3.40000    93.26960
   1.00000     3.40000   100.28406
   1.10000     3.40000   108.79183
   1.20000     3.40000   107.75654
   1.30000     3.40000   108.14119
   1.40000     3.40000   107.71688
   1.50000     3.40000   107.44071
   1.60000     3.40000   107.71009
   1.70000     3.40000   107.72502
   1.80000     3.40000   107.57514
   1.90000     3.40000   107.54241
   2.00000     3.40000   107.97026
   2.10000     3.40000   107.93599
   2.20000     3.40000   107.41479
   2.30000     3.40000   107.96036
   2.40000     3.40000   108.02404
   2.50000     3.40000   107.56861
   2.60000     3.40000   107.99487
   2.70000     3.40000   107.94718
   2.80000     3.40000   107.71830
   2.90000     3.40000   107.97208
   3.00000     3.40000   107.28414
   3.10000     3.40000   107.76863
   3.20000     3.40000   107.83458
   3.30000     3.40000   107.86726
   3.40000     3.40000   107.78951
   3.50000     3.40000   107.51662
   3.60000     3.40000   107.90130
   3.70000     3.40000   107.30844
   3.80000     3.40000   107.84068
   3.90000     3.40000   107.63594
   4.00000     3.40000   107.85138
   4.10000     3.40000   107.73053
   4.20000     3.40000   107.47301
   4.30000     3.40000   107.99039
   4.40000     3.40000   107.93968
   4.50000     3.40000   107.82310
   4.60000     3.40000   107.53907
   4.70000     3.40000   107.56255
   4.80000     3.40000   107.75885
   4.90000     3.40000   107.93916
   5.00000     3.40000   108.12320
   0.10000     3.50000   106.83338
   0.20000     3.50000   105.96892
   0.30000     3.50000   104.57700
   0.40000     3.50000   102.37319
   0.50000     3.50000   100.39817
   0.60000     3.50000    97.62047
   0.70000     3.50000    96.30514
   0.80000     3.50000    93.82389
   0.90000     3.50000    94.05847
   1.00000     3.50000   102.18559
   1.10000     3.50000   109.37724
   1.20000     3.50000   107.72840
   1.30000     3.50000   107.59149
   1.40000     3.50000   107.51218
   1.50000     3.50000   107.55684
   1.60000     3.50000   107.93100
   1.70000     3.50000   107.56828
   1.80000     3.50000   107.93079
   1.90000     3.50000   107.83122
   2.00000     3.50000   107.81999
   2.10000     3.50000   107.79915
   2.20000     3.50000   107.79868
   2.30000     3.50000   107.89399
   2.40000     3.50000   107.84836
   2.50000     3.50000   107.52239
   2.60000     3.50000   107.64959
   2.70000     3.50000   107.48387
   2.80000     3.50000   107.57064
   2.90000     3.50000   107.97467
   3.00000     3.50000   107.95910
   3.10000     3.50000   108.05889
   3.20000     3.50000   107.66710
   3.30000     3.50000   107.46602
   3.40000     3.50000   107.74879
   3.50000     3.50000   107.40553
   3.60000     3.50000   107.64074
   3.70000     3.50000   107.74968
   3.80000     3.50000   107.70194
   3.90000     3.50000   107.98199
   4.00000     3.50000   107.77965
   4.10000     3.50000   108.14031
   4.20000     3.50000   107.62141
   4.30000     3.50000   107.52424
   4.40000     3.50000   107.56300
   4.50000     3.50000   107.33596
   4.60000     3.50000   107.92631
   4.70000     3.50000   107.81664
   4.80000     3.50000   107.80079
   4.90000     3.50000   107.52846
   5.00000     3.50000   107.59682
   0.10000     3.60000   106.87900
   0.20000     3.60000   105.75359
   0.30000     3.60000   104.02325
   0.40000     3.60000   101.96894
   0.50000     3.60000   100.42298
   0.60000     3.60000    97.53475
   0.70000     3.60000    95.79315
   0.80000     3.60000    93.49023
   0.90000     3.60000    94.20150
   1.00000     3.60000   104.39325
   1.10000     3.60000   109.73958
   1.20000     3.60000   107.67734
   1.30000     3.60000   107.94829
   1.40000     3.60000   107.79508
   1.50000     3.60000   107.67407
   1.60000     3.60000   107.82963
   1.70000     3.60000   108.00998
   1.80000     3.60000   108.19184
   1.90000     3.60000   107.74626
   2.00000     3.60000   107.96778
   2.10000     3.60000   107.50221
   2.20000     3.60000   107.49460
   2.30000     3.60000   107.79758
   2.40000     3.60000   107.40083
   2.50000     3.60000   107.88294
   2.60000     3.60000   107.60798
   2.70000     3.60000   107.66421
   2.80000     3.60000   107.77346
   2.90000     3.60000   107.69415
   3.00000     3.60000   107.37889
   3.10000     3.60000   107.69648
   3.20000     3.60000   107.74232
   3.30000     3.60000   107.93307
   3.40000     3.60000   107.85139
   3.50000     3.60000   107.94438
   3.60000     3.60000   107.49232
   3.70000     3.60000   107.63592
   3.80000     3.60000   107.70505
   3.90000     3.60000   107.77674
   4.00000     3.60000   108.27189
   4.10000     3.60000   107.94252
   4.20000     3.60000   108.03217
   4.30000     3.60000   107.79897
   4.40000     3.60000   107.84555
   4.50000     3.60000   107.29771
   4.60000     3.60000   107.36827
   4.70000     3.60000   107.88163
   4.80000     3.60000   108.00337
   4.90000     3.60000   107.59196
   5.00000     3.60000   107.90204
   0.10000     3.70000   107.01613
   0.20000     3.70000   105.76872
   0.30000     3.70000   103.89564
   0.40000     3.70000   101.85336
   0.50000     3.70000   100.20307
   0.60000     3.70000    97.73440
   0.70000     3.70000    95.46364
   0.80000     3.70000    93.41413
   0.90000     3.70000    94.72378
   1.00000     3.70000   106.05728
   1.10000     3.70000   109.84080
   1.20000     3.70000   107.74957
   1.30000     3.70000   107.74615
   1.40000     3.70000   107.57613
   1.50000     3.70000   107.65661
   1.60000     3.70000   107.66333
   1.70000     3.70000   107.59056
   1.80000     3.70000   107.94728
   1.90000     3.70000   107.98229
   2.00000     3.70000   108.14579
   2.10000     3.70000   107.88217
   2.20000     3.70000   107.79873
   2.30000     3.70000   107.45465
   2.40000     3.70000   107.59413
   2.50000     3.70000   108.02076
   2.60000     3.70000   107.61098
   2.70000     3.70000   107.42274
   2.80000     3.70000   108.06662
   2.90000     3.70000   107.96360
   3.00000     3.70000   107.74423
   3.10000     3.70000   107.65221
   3.20000     3.70000   107.84872
   3.30000     3.70000   107.59293
   3.40000     3.70000   107.25993
   3.50000     3.70000   107.77216
   3.60000     3.70000   107.80663
   3.70000     3.70000   107.60528
   3.80000     3.70000   107.49558
   3.90000     3.70000   107.82428
   4.00000     3.70000   107.45137
   4.10000     3.70000   108.02544
   4.20000     3.70000   107.86140
   4.30000     3.70000   107.46451
   4.40000     3.70000   108.17355
   4.50000     3.70000   107.25262
   4.60000     3.70000   107.80701
   4.70000     3.70000   107.75894
   4.80000     3.70000   107.49077
   4.90000     3.70000   107.98017
   5.00000     3.70000   107.94683
   0.10000     3.80000   106.49790
   0.20000     3.80000   105.74622
   0.30000     3.80000   104.41284
   0.40000     3.80000   102.27674
   0.50000     3.80000    99.78429
   0.60000     3.80000    97.31764
   0.70000     3.80000    95.10538
   0.80000     3.80000    93.45393
   0.90000     3.80000    95.54544
   1.00000     3.80000   108.22852
   1.10000     3.80000   109.59397
   1.20000     3.80000   108.09198
   1.30000     3.80000   107.60683
   1.40000     3.80000   107.96122
   1.50000     3.80000   107.71322
   1.60000     3.80000   108.21789
   1.70000     3.80000   107.85825
   1.80000     3.80000   107.69049
   1.90000     3.80000   107.62864
   2.00000     3.80000   107.57138
   2.10000     3.80000   107.40762
   2.20000     3.80000   107.80525
   2.30000     3.80000   107.62847
   2.40000     3.80000   108.34140
   2.50000     3.80000   107.91765
   2.60000     3.80000   107.94505
   2.70000     3.80000   108.00744
   2.80000     3.80000   107.50911
   2.90000     3.80000   107.29112
   3.00000     3.80000   107.80734
   3.10000     3.80000   107.65501
   3.20000     3.80000   107.58144
   3.30000     3.80000   107.88419
   3.40000     3.80000   107.50496
   3.50000     3.80000   107.62681
   3.60000     3.80000   107.50592
   3.70000     3.80000   108.09861
   3.80000     3.80000   107.61330
   3.90000     3.80000   108.06961
   4.00000     3.80000   107.95096
   4.10000     3.80000   107.64213
   4.20000     3.80000   107.51422
   4.30000     3.80000   107.88426
   4.40000     3.80000   107.77913
   4.50000     3.80000   107.54205
   4.60000     3.80000   107.76792
   4.70000     3.80000   108.17834
   4.80000     3.80000   107.45180
   4.90000     3.80000   107.61915
   5.00000     3.80000   107.57079
   0.10000     3.90000   107.33975
   0.20000     3.90000   105.81998
   0.30000     3.90000   104.43874
   0.40000     3.90000   102.13602
   0.50000     3.90000    99.71001
   0.60000     3.90000    96.92524
   0.70000     3.90000    94.87390
   0.80000     3.90000    93.54814
   0.90000     3.90000    97.50330
   1.00000     3.90000   109.01806
   1.10000     3.90000   109.87344
   1.20000     3.90000   107.67693
   1.30000     3.90000   107.87317
   1.40000     3.90000   108.07257
   1.50000     3.90000   107.69011
   1.60000     3.90000   107.64278
   1.70000     3.90000   107.91707
   1.80000     3.90000   107.63607
   1.90000     3.90000   107.85204
   2.00000     3.90000   107.29382
   2.10000     3.90000   107.55499
   2.20000     3.90000   107.80099
   2.30000     3.90000   107.76730
   2.40000     3.90000   107.67569
   2.50000     3.90000   107.72244
   2.60000     3.90000   107.88563
   2.70000     3.90000   107.64096
   2.80000     3.90000   108.07207
   2.90000     3.90000   107.63131
   3.00000     3.90000   107.73488
   3.10000     3.90000   107.52407
   3.20000     3.90000   107.77676
   3.30000     3.90000   107.96485
   3.40000     3.90000   107.95119
   3.50000     3.90000   107.76014
   3.60000     3.90000   107.62189
   3.70000     3.90000   107.57777
   3.80000     3.90000   107.55417
   3.90000     3.90000   107.76361
   4.00000     3.90000   107.80816
   4.10000     3.90000   108.04433
   4.20000     3.90000   107.64365
   4.30000     3.90000   108.02111
   4.40000     3.90000   107.83020
   4.50000     3.90000   107.66229
   4.60000     3.90000   107.61805
   4.70000     3.90000   108.02081
   4.80000     3.90000   107.48902
   4.90000     3.90000   107.68232
   5.00000     3.90000   107.73788
   0.10000     4.00000   106.68146
   0.20000     4.00000   105.20087
   0.30000     4.00000   103.87636
   0.40000     4.00000   101.50985
   0.50000     4.00000    98.81547
   0.60000     4.00000    96.99100
   0.70000     4.00000    94.93210
   0.80000     4.00000    93.26119
   0.90000     4.00000   101.21700
   1.00000     4.00000   109.59946
   1.10000     4.00000   107.52346
   1.20000     4.00000   107.53166
   1.30000     4.00000   107.91353
   1.40000     4.00000   107.87598
   1.50000     4.00000   107.90193
   1.60000     4.00000   107.71091
   1.70000     4.00000   107.47005
   1.80000     4.00000   107.75894
   1.90000     4.00000   107.70587
   2.00000     4.00000   107.70824
   2.10000     4.00000   107.31036
   2.20000     4.00000   107.40802
   2.30000     4.00000   108.19642
   2.40000     4.00000   107.61492
   2.50000     4.00000   108.13266
   2.60000     4.00000   107.63832
   2.70000     4.00000   107.60228
   2.80000     4.00000   107.89880
   2.90000     4.00000   107.91272
   3.00000     4.00000   107.52406
   3.10000     4.00000   107.97940
   3.20000     4.00000   108.09490
   3.30000     4.00000   107.57113
   3.40000     4.00000   107.21732
   3.50000     4.00000   107.68880
   3.60000     4.00000   107.65100
   3.70000     4.00000   107.82909
   3.80000     4.00000   107.55780
   3.90000     4.00000   107.88354
   4.00000     4.00000   108.27620
   4.10000     4.00000   107.73540
   4.20000     4.00000   107.76257
   4.30000     4.00000   107.48341
   4.40000     4.00000   107.88280
   4.50000     4.00000   107.61504
   4.60000     4.00000   107.47774
   4.70000     4.00000   107.55108
   4.80000     4.00000   107.84488
   4.90000     4.00000   108.13589
   5.00000     4.00000   107.89883
   0.10000     4.10000   107.01411
   0.20000     4.10000   105.48325
   0.30000     4.10000   103.69589
   0.40000     4.10000   100.78818
   0.50000     4.10000    98.81228
   0.60000     4.10000    96.34698
   0.70000     4.10000    94.07139
   0.80000     4.10000    93.74116
   0.90000     4.10000   102.44419
   1.00000     4.10000   109.63168
   1.10000     4.10000   107.58454
   1.20000     4.10000   107.44008
   1.30000     4.10000   107.95501
   1.40000     4.10000   107.93313
   1.50000     4.10000   107.50829
   1.60000     4.10000   108.09554
   1.70000     4.10000   107.72962
   1.80000     4.10000   108.01793
   1.90000     4.10000   107.82842
   2.00000     4.10000   107.84886
   2.10000     4.10000   107.70852
   2.20000     4.10000   107.88937
   2.30000     4.10000   107.58357
   2.40000     4.10000   107.58939
   2.50000     4.10000   107.69929
   2.60000     4.10000   108.23918
   2.70000     4.10000   107.75276
   2.80000     4.10000   107.51284
   2.90000     4.10000   107.73991
   3.00000     4.10000   107.58899
   3.10000     4.10000   107.43488
   3.20000     4.10000   107.94381
   3.30000     4.10000   107.93959
   3.40000     4.10000   107.34616
   3.50000     4.10000   107.79251
   3.60000     4.10000   107.73021
   3.70000     4.10000   107.75210
   3.80000     4.10000   107.52157
   3.90000     4.10000   107.96448
   4.00000     4.10000   107.71933
   4.10000     4.10000   107.70343
   4.20000     4.10000   108.10555
   4.30000     4.10000   107.32785
   4.40000     4.10000   107.80670
   4.50000     4.10000   107.58557
   4.60000     4.10000   107.69755
   4.70000     4.10000   107.61923
   4.80000     4.10000   107.91276
   4.90000     4.10000   107.77169
   5.00000     4.10000   108.24479
   0.10000     4.20000   107.08165
   0.20000     4.20000   104.90748
   0.30000     4.20000   103.80434
   0.40000     4.20000   101.61835
   0.50000     4.20000    98.91628
   0.60000     4.20000    96.29490
   0.70000     4.20000    93.83993
   0.80000     4.20000    94.18054
   0.90000     4.20000   104.41891
   1.00000     4.20000   109.67328
   1.10000     4.20000   107.25229
   1.20000     4.20000   108.08048
   1.30000     4.20000   107.70380
   1.40000     4.20000   107.67154
   1.50000     4.20000   107.56796
   1.60000     4.20000   107.62120
   1.70000     4.20000   107.69555
   1.80000     4.20000   107.82167
   1.90000     4.20000   107.83377
   2.00000     4.20000   107.70185
   2.10000     4.20000   107.73162
   2.20000     4.20000   107.81383
   2.30000     4.20000   108.07382
   2.40000     4.20000   107.79528
   2.50000     4.20000   107.50402
   2.60000     4.20000   107.71933
   2.70000     4.20000   107.77186
   2.80000     4.20000   107.73110
   2.90000     4.20000   107.72193
   3.00000     4.20000   107.52476
   3.10000     4.20000   107.87799
   3.20000     4.20000   107.65857
   3.30000     4.20000   107.49973
   3.40000     4.20000   107.75374
   3.50000     4.20000   108.22389
   3.60000     4.20000   107.53375
   3.70000     4.20000   107.68888
   3.80000     4.20000   107.89653
   3.90000     4.20000   107.13874
   4.00000     4.20000   107.90287
   4.10000     4.20000   107.73660
   4.20000     4.20000   107.96658
   4.30000     4.20000   107.67008
   4.40000     4.20000   107.96349
   4.50000     4.20000   107.61549
   4.60000     4.20000   107.60114
   4.70000     4.20000   107.73103
   4.80000     4.20000   107.95106
   4.90000     4.20000   107.64627
   5.00000     4.20000   107.92381
   0.10000     4.30000   106.56403
   0.20000     4.30000   105.31586
   0.30000     4.30000   103.59663
   0.40000     4.30000   100.95022
   0.50000     4.30000    98.43422
   0.60000     4.30000    96.28359
   0.70000     4.30000    94.19598
   0.80000     4.30000    94.61198
   0.90000     4.30000   105.98528
   1.00000     4.30000   109.89547
   1.10000     4.30000   107.70201
   1.20000     4.30000   107.31873
   1.30000     4.30000   107.41329
   1.40000     4.30000   107.66308
   1.50000     4.30000   108.06823
   1.60000     4.30000   107.47602
   1.70000     4.30000   107.77025
   1.80000     4.30000   107.94740
   1.90000     4.30000   107.80569
   2.00000     4.30000   107.66188
   2.10000     4.30000   107.85717
   2.20000     4.30000   108.02512
   2.30000     4.30000   107.37906
   2.40000     4.30000   107.94224
   2.50000     4.30000   107.62334
   2.60000     4.30000   107.50367
   2.70000     4.30000   107.81191
   2.80000     4.30000   107.83755
   2.90000     4.30000   107.67084
   3.00000     4.30000   107.95673
   3.10000     4.30000   107.63160
   3.20000     4.30000   108.08284
   3.30000     4.30000   107.63466
   3.40000     4.30000   107.83524
   3.50000     4.30000   107.90183
   3.60000     4.30000   107.43251
   3.70000     4.30000   107.62371
   3.80000     4.30000   108.02179
   3.90000     4.30000   107.93449
   4.00000     4.30000   107.38479
   4.10000     4.30000   107.54998
   4.20000     4.30000   107.68360
   4.30000     4.30000   107.79167
   4.40000     4.30000   107.81264
   4.50000     4.30000   107.51119
   4.60000     4.30000   107.82874
   4.70000     4.30000   107.82973
   4.80000     4.30000   107.37315
   4.90000     4.30000   108.08481
   5.00000     4.30000   107.75570
   0.10000     4.40000   107.15535
   0.20000     4.40000   105.53171
   0.30000     4.40000   103.35469
   0.40000     4.40000   100.74763
   0.50000     4.40000    98.57259
   0.60000     4.40000    95.99656
   0.70000     4.40000    93.34130
   0.80000     4.40000    94.62269
   0.90000     4.40000   107.72323
   1.00000     4.40000   109.91382
   1.10000     4.40000   107.76897
   1.20000     4.40000   107.74285
   1.30000     4.40000   107.56885
   1.40000     4.40000   107.86766
   1.50000     4.40000   107.88648
   1.60000     4.40000   107.64279
   1.70000     4.40000   107.59038
   1.80000     4.40000   107.52348
   1.90000     4.40000   107.54760
   2.00000     4.40000   107.40072
   2.10000     4.40000   107.79476
   2.20000     4.40000   107.71766
   2.30000     4.40000   107.66952
   2.40000     4.40000   107.78445
   2.50000     4.40000   107.70735
   2.60000     4.40000   107.57215
   2.70000     4.40000   107.92201
   2.80000     4.40000   107.34655
   2.90000     4.40000   108.31408
   3.00000     4.40000   107.90067
   3.10000     4.40000   107.51957
   3.20000     4.40000   107.96156
   3.30000     4.40000   107.44141
   3.40000     4.40000   107.63154
   3.50000     4.40000   107.74398
   3.60000     4.40000   107.90070
   3.70000     4.40000   107.98749
   3.80000     4.40000   107.85457
   3.90000     4.40000   107.58380
   4.00000     4.40000   107.65256
   4.10000     4.40000   108.04371
   4.20000     4.40000   107.73417
   4.30000     4.40000   107.52468
   4.40000     4.40000   107.83890
   4.50000     4.40000   107.72920
   4.60000     4.40000   107.73883
   4.70000     4.40000   107.61488
   4.80000     4.40000   107.65778
   4.90000     4.40000   108.11921
   5.00000     4.40000   107.94070
   0.10000     4.50000   107.26456
   0.20000     4.50000   105.16154
   0.30000     4.50000   103.08826
   0.40000     4.50000   101.14299
   0.50000     4.50000    98.14288
   0.60000     4.50000    95.73210
   0.70000     4.50000    93.25858
   0.80000     4.50000    95.15577
   0.90000     4.50000   108.76832
   1.00000     4.50000   109.91578
   1.10000     4.50000   107.98763
   1.20000     4.50000   107.57104
   1.30000     4.50000   107.78597
   1.40000     4.50000   107.86166
   1.50000     4.50000   107.38150
   1.60000     4.50000   107.78922
   1.70000     4.50000   107.75410
   1.80000     4.50000   108.03817
   1.90000     4.50000   107.43401
   2.00000     4.50000   107.81241
   2.10000     4.50000   107.82155
   2.20000     4.50000   107.85384
   2.30000     4.50000   107.75621
   2.40000     4.50000   107.96611
   2.50000     4.50000   108.05436
   2.60000     4.50000   108.09463
   2.70000     4.50000   107.90356
   2.80000     4.50000   107.74872
   2.90000     4.50000   107.89081
   3.00000     4.50000   107.74226
   3.10000     4.50000   107.92609
   3.20000     4.50000   107.71279
   3.30000     4.50000   107.82921
   3.40000     4.50000   107.55092
   3.50000     4.50000   107.66149
   3.60000     4.50000   107.94553
   3.70000     4.50000   107.64014
   3.80000     4.50000   108.00121
   3.90000     4.50000   108.10880
   4.00000     4.50000   107.61034
   4.10000     4.50000   107.58577
   4.20000     4.50000   108.01723
   4.30000     4.50000   107.70530
   4.40000     4.50000   107.94134
   4.50000     4.50000   107.85812
   4.60000     4.50000   107.84938
   4.70000     4.50000   108.17445
   4.80000     4.50000   108.19235
   4.90000     4.50000   107.54309
   5.00000     4.50000   107.42206
   0.10000     4.60000   106.78938
   0.20000     4.60000   105.54944
   0.30000     4.60000   103.47043
   0.40000     4.60000   100.47937
   0.50000     4.60000    97.72081
   0.60000     4.60000    95.50106
   0.70000     4.60000    93.25070
   0.80000     4.60000    96.52446
   0.90000     4.60000   109.33104
   1.00000     4.60000   110.09860
   1.10000     4.60000   107.91899
   1.20000     4.60000   107.63352
   1.30000     4.60000   107.65274
   1.40000     4.60000   107.78568
   1.50000     4.60000   107.67314
   1.60000     4.60000   107.65553
   1.70000     4.60000   108.22259
   1.80000     4.60000   107.58428
   1.90000     4.60000   107.81501
   2.00000     4.60000   107.63813
   2.10000     4.60000   107.76925
   2.20000     4.60000   107.44586
   2.30000     4.60000   107.57674
   2.40000     4.60000   107.77364
   2.50000     4.60000   107.68699
   2.60000     4.60000   107.34487
   2.70000     4.60000   108.09792
   2.80000     4.60000   107.74802
   2.90000     4.60000   107.72591
   3.00000     4.60000   107.49802
   3.10000     4.60000   107.61530
   3.20000     4.60000   107.85199
   3.30000     4.60000   107.56838
   3.40000     4.60000   107.57962
   3.50000     4.60000   107.66641
   3.60000     4.60000   107.44333
   3.70000     4.60000   108.00456
   3.80000     4.60000   107.88423
   3.90000     4.60000   107.55203
   4.00000     4.60000   108.00140
   4.10000     4.60000   107.61046
   4.20000     4.60000   107.43921
   4.30000     4.60000   107.56386
   4.40000     4.60000   107.89300
   4.50000     4.60000   107.75392
   4.60000     4.60000   107.73822
   4.70000     4.60000   107.49527
   4.80000     4.60000   107.71624
   4.90000     4.60000   107.91015
   5.00000     4.60000   108.03410
   0.10000     4.70000   106.50243
   0.20000     4.70000   105.34339
   0.30000     4.70000   102.76284
   0.40000     4.70000   100.20080
   0.50000     4.70000    97.83300
   0.60000     4.70000    94.67279
   0.70000     4.70000    93.42709
   0.80000     4.70000   100.17958
   0.90000     4.70000   109.50686
   1.00000     4.70000   109.93193
   1.10000     4.70000   107.69317
   1.20000     4.70000   107.80947
   1.30000     4.70000   107.75875
   1.40000     4.70000   107.86639
   1.50000     4.70000   107.68744
   1.60000     4.70000   107.74298
   1.70000     4.70000   107.72156
   1.80000     4.70000   107.86547
   1.90000     4.70000   107.81706
   2.00000     4.70000   107.87787
   2.10000     4.70000   107.59088
   2.20000     4.70000   107.88653
   2.30000     4.70000   107.90627
   2.40000     4.70000   108.06056
   2.50000     4.70000   107.76183
   2.60000     4.70000   107.76649
   2.70000     4.70000   107.60768
   2.80000     4.70000   107.78824
   2.90000     4.70000   107.43552
   3.00000     4.70000   107.74790
   3.10000     4.70000   107.58884
   3.20000     4.70000   107.56360
   3.30000     4.70000   107.91038
   3.40000     4.70000   107.43411
   3.50000     4.70000   107.97951
   3.60000     4.70000   107.64602
   3.70000     4.70000   107.43243
   3.80000     4.70000   108.10300
   3.90000     4.70000   107.59465
   4.00000     4.70000   107.87233
   4.10000     4.70000   107.78753
   4.20000     4.70000   107.61612
   4.30000     4.70000   107.96487
   4.40000     4.70000   108.05039
   4.50000     4.70000   107.92858
   4.60000     4.70000   107.65547
   4.70000     4.70000   107.70251
   4.80000     4.70000   107.59016
   4.90000     4.70000   107.74232
   5.00000     4.70000   107.46299
   0.10000     4.80000   106.90990
   0.20000     4.80000   105.34913
   0.30000     4.80000   103.54137
   0.40000     4.80000   100.54160
   0.50000     4.80000    97.76386
   0.60000     4.80000    94.95433
   0.70000     4.80000    93.56021
   0.80000     4.80000   101.64793
   0.90000     4.80000   109.62043
   1.00000     4.80000   110.09313
   1.10000     4.80000   107.77532
   1.20000     4.80000   107.68877
   1.30000     4.80000   107.83786
   1.40000     4.80000   107.96723
   1.50000     4.80000   107.58574
   1.60000     4.80000   107.29535
   1.70000     4.80000   107.85165
   1.80000     4.80000   108.00886
   1.90000     4.80000   107.77576
   2.00000     4.80000   108.13251
   2.10000     4.80000   107.78815
   2.20000     4.80000   107.32202
   2.30000     4.80000   107.70110
   2.40000     4.80000   107.60760
   2.50000     4.80000   107.69254
   2.60000     4.80000   107.81547
   2.70000     4.80000   107.80877
   2.80000     4.80000   107.76596
   2.90000     4.80000   107.87404
   3.00000     4.80000   107.74204
   3.10000     4.80000   107.75381
   3.20000     4.80000   107.49931
   3.30000     4.80000   107.72739
   3.40000     4.80000   107.42483
   3.50000     4.80000   107.66913
   3.60000     4.80000   107.69742
   3.70000     4.80000   107.78828
   3.80000     4.80000   107.79004
   3.90000     4.80000   107.58401
   4.00000     4.80000   107.63022
   4.10000     4.80000   107.46098
   4.20000     4.80000   107.72475
   4.30000     4.80000   107.93061
   4.40000     4.80000   107.80798
   4.50000     4.80000   107.60000
   4.60000     4.80000   107.70331
   4.70000     4.80000   107.82520
   4.80000     4.80000   107.65827
   4.90000     4.80000   107.61392
   5.00000     4.80000   107.81795
   0.10000     4.90000   106.64188
   0.20000     4.90000   105.13533
   0.30000     4.90000   102.50444
   0.40000     4.90000   100.21203
   0.50000     4.90000    97.76168
   0.60000     4.90000    94.75009
   0.70000     4.90000    93.48213
   0.80000     4.90000   102.87362
   0.90000     4.90000   109.81128
   1.00000     4.90000   110.23763
   1.10000     4.90000   107.59510
   1.20000     4.90000   107.71156
   1.30000     4.90000   107.75644
   1.40000     4.90000   107.63216
   1.50000     4.90000   107.53289
   1.60000     4.90000   107.66522
   1.70000     4.90000   107.92850
   1.80000     4.90000   107.92625
   1.90000     4.90000   107.80091
   2.00000     4.90000   106.92861
   2.10000     4.90000   107.73602
   2.20000     4.90000   108.07855
   2.30000     4.90000   107.18297
   2.40000     4.90000   107.49770
   2.50000     4.90000   108.11100
   2.60000     4.90000   107.64360
   2.70000     4.90000   107.51168
   2.80000     4.90000   107.19800
   2.90000     4.90000   107.77816
   3.00000     4.90000   107.67351
   3.10000     4.90000   108.13593
   3.20000     4.90000   108.25404
   3.30000     4.90000   107.68479
   3.40000     4.90000   107.57409
   3.50000     4.90000   107.80357
   3.60000     4.90000   107.73494
   3.70000     4.90000   107.93138
   3.80000     4.90000   107.74660
   3.90000     4.90000   107.62306
   4.00000     4.90000   107.60972
   4.10000     4.90000   108.06817
   4.20000     4.90000   107.85504
   4.30000     4.90000   107.75646
   4.40000     4.90000   107.66702
   4.50000     4.90000   107.62271
   4.60000     4.90000   107.94449
   4.70000     4.90000   107.61101
   4.80000     4.90000   108.06937
   4.90000     4.90000   107.80482
   5.00000     4.90000   107.64117
   0.10000     5.00000   106.76937
   0.20000     5.00000   105.41795
   0.30000     5.00000   102.31928
   0.40000     5.00000    99.99511
   0.50000     5.00000    96.83094
   0.60000     5.00000    94.53499
   0.70000     5.00000    93.81638
   0.80000     5.00000   104.08246
   0.90000     5.00000   109.83854
   1.00000     5.00000   110.37785
   1.10000     5.00000   107.85866
   1.20000     5.00000   107.47660
   1.30000     5.00000   107.76981
   1.40000     5.00000   107.56390
   1.50000     5.00000   108.22081
   1.60000     5.00000   107.97933
   1.70000     5.00000   107.69726
   1.80000     5.00000   107.59759
   1.90000     5.00000   107.72236
   2.00000     5.00000   107.87507
   2.10000     5.00000   107.69621
   2.20000     5.00000   107.78250
   2.30000     5.00000   108.11416
   2.40000     5.00000   107.66656
   2.50000     5.00000   107.53870
   2.60000     5.00000   107.64721
   2.70000     5.00000   107.85295
   2.80000     5.00000   108.07261
   2.90000     5.00000   107.95111
   3.00000     5.00000   108.11566
   3.10000     5.00000   107.40075
   3.20000     5.00000   107.27583
   3.30000     5.00000   107.63411
   3.40000     5.00000   108.07289
   3.50000     5.00000   107.82795
   3.60000     5.00000   107.33913
   3.70000     5.00000   107.68472
   3.80000     5.00000   107.41492
   3.90000     5.00000   108.09516
   4.00000     5.00000   107.44659
   4.10000     5.00000   107.67850
   4.20000     5.00000   107.55446
   4.30000     5.00000   107.75918
   4.40000     5.00000   107.40250
   4.50000     5.00000   107.52004
   4.60000     5.00000   107.73424
   4.70000     5.00000   107.66134
   4.80000     5.00000   107.82363
   4.90000     5.00000   107.63215
   5.00000     5.00000   107.80235
