#     r         beta        Ep   
   0.10000     0.10000    96.78956
   0.20000     0.10000    96.68569
   0.30000     0.10000    96.64047
   0.40000     0.10000    96.35492
   0.50000     0.10000    96.45497
   0.60000     0.10000    96.38742
   0.70000     0.10000    96.65830
   0.80000     0.10000    96.84472
   0.90000     0.10000    96.59496
   1.00000     0.10000    96.61808
   1.10000     0.10000    97.05715
   1.20000     0.10000    96.85296
   1.30000     0.10000    96.49278
   1.40000     0.10000    96.56919
   1.50000     0.10000    96.73136
   1.60000     0.10000    96.64494
   1.70000     0.10000    96.75389
   1.80000     0.10000    96.49523
   1.90000     0.10000    96.29569
   2.00000     0.10000    96.28298
   2.10000     0.10000    96.41648
   2.20000     0.10000    96.54101
   2.30000     0.10000    96.64091
   2.40000     0.10000    96.48756
   2.50000     0.10000    97.11094
   2.60000     0.10000    96.76982
   2.70000     0.10000    96.67028
   2.80000     0.10000    96.71575
   2.90000     0.10000    96.73195
   3.00000     0.10000    97.58537
   3.10000     0.10000    96.73727
   3.20000     0.10000    96.61529
   3.30000     0.10000    96.75265
   3.40000     0.10000    96.32705
   3.50000     0.10000    96.54349
   3.60000     0.10000    96.61155
   3.70000     0.10000    96.97787
   3.80000     0.10000    96.81686
   3.90000     0.10000    96.62741
   4.00000     0.10000    96.55958
   4.10000     0.10000    96.73669
   4.20000     0.10000    96.82218
   4.30000     0.10000    96.75495
   4.40000     0.10000    96.85575
   4.50000     0.10000    96.50289
   4.60000     0.10000    96.45304
   4.70000     0.10000    96.62833
   4.80000     0.10000    96.85462
   4.90000     0.10000    96.60127
   5.00000     0.10000    96.62635
   0.10000     0.20000    96.58726
   0.20000     0.20000    96.27692
   0.30000     0.20000    95.96018
   0.40000     0.20000    95.90332
   0.50000     0.20000    96.19044
   0.60000     0.20000    96.31882
   0.70000     0.20000    96.45412
   0.80000     0.20000    96.23914
   0.90000     0.20000    96.50621
   1.00000     0.20000    96.29965
   1.10000     0.20000    96.19781
   1.20000     0.20000    96.41350
   1.30000     0.20000    96.17389
   1.40000     0.20000    96.37842
   1.50000     0.20000    96.13672
   1.60000     0.20000    96.33044
   1.70000     0.20000    96.89173
   1.80000     0.20000    96.58038
   1.90000     0.20000    97.26171
   2.00000     0.20000    96.74121
   2.10000     0.20000    96.25895
   2.20000     0.20000    96.95158
   2.30000     0.20000    97.15973
   2.40000     0.20000    96.56461
   2.50000     0.20000    96.64205
   2.60000     0.20000    95.74517
   2.70000     0.20000    96.24144
   2.80000     0.20000    96.65363
   2.90000     0.20000    96.38039
   3.00000     0.20000    96.96431
   3.10000     0.20000    96.48458
   3.20000     0.20000    96.46794
   3.30000     0.20000    96.92344
   3.40000     0.20000    97.26910
   3.50000     0.20000    96.74716
   3.60000     0.20000    96.39925
   3.70000     0.20000    96.91795
   3.80000     0.20000    96.62720
   3.90000     0.20000    96.55052
   4.00000     0.20000    97.11667
   4.10000     0.20000    96.73532
   4.20000     0.20000    96.73014
   4.30000     0.20000    96.79135
   4.40000     0.20000    97.20534
   4.50000     0.20000    97.06579
   4.60000     0.20000    96.90300
   4.70000     0.20000    96.54649
   4.80000     0.20000    96.75856
   4.90000     0.20000    97.15003
   5.00000     0.20000    96.56439
   0.10000     0.30000    96.15781
   0.20000     0.30000    95.31586
   0.30000     0.30000    95.65256
   0.40000     0.30000    95.37786
   0.50000     0.30000    95.05268
   0.60000     0.30000    94.57469
   0.70000     0.30000    95.72406
   0.80000     0.30000    95.14567
   0.90000     0.30000    96.14486
   1.00000     0.30000    96.32233
   1.10000     0.30000    96.38296
   1.20000     0.30000    96.14072
   1.30000     0.30000    95.98316
   1.40000     0.30000    96.34842
   1.50000     0.30000    96.88454
   1.60000     0.30000    96.78493
   1.70000     0.30000    96.18717
   1.80000     0.30000    96.95987
   1.90000     0.30000    97.04152
   2.00000     0.30000    96.49279
   2.10000     0.30000    96.33881
   2.20000     0.30000    96.65477
   2.30000     0.30000    96.79438
   2.40000     0.30000    96.88807
   2.50000     0.30000    96.83240
   2.60000     0.30000    96.76884
   2.70000     0.30000    96.90759
   2.80000     0.30000    97.02081
   2.90000     0.30000    96.51253
   3.00000     0.30000    96.98166
   3.10000     0.30000    96.89092
   3.20000     0.30000    96.79395
   3.30000     0.30000    96.96229
   3.40000     0.30000    96.20936
   3.50000     0.30000    96.47436
   3.60000     0.30000    96.77113
   3.70000     0.30000    96.96868
   3.80000     0.30000    96.52697
   3.90000     0.30000    96.94668
   4.00000     0.30000    97.11330
   4.10000     0.30000    96.63147
   4.20000     0.30000    96.76754
   4.30000     0.30000    97.20172
   4.40000     0.30000    96.60869
   4.50000     0.30000    97.34400
   4.60000     0.30000    96.71949
   4.70000     0.30000    96.63874
   4.80000     0.30000    97.22733
   4.90000     0.30000    96.49153
   5.00000     0.30000    96.68368
   0.10000     0.40000    96.49540
   0.20000     0.40000    95.27821
   0.30000     0.40000    94.53297
   0.40000     0.40000    93.23433
   0.50000     0.40000    93.11249
   0.60000     0.40000    92.94654
   0.70000     0.40000    93.38543
   0.80000     0.40000    94.47057
   0.90000     0.40000    95.14545
   1.00000     0.40000    95.53416
   1.10000     0.40000    95.66464
   1.20000     0.40000    96.05475
   1.30000     0.40000    96.82159
   1.40000     0.40000    96.72704
   1.50000     0.40000    96.76875
   1.60000     0.40000    97.02470
   1.70000     0.40000    96.48379
   1.80000     0.40000    97.46769
   1.90000     0.40000    96.51203
   2.00000     0.40000    96.39060
   2.10000     0.40000    97.31272
   2.20000     0.40000    96.23939
   2.30000     0.40000    96.90378
   2.40000     0.40000    96.83762
   2.50000     0.40000    96.19407
   2.60000     0.40000    96.58640
   2.70000     0.40000    96.64014
   2.80000     0.40000    96.70297
   2.90000     0.40000    96.52198
   3.00000     0.40000    96.35715
   3.10000     0.40000    97.19840
   3.20000     0.40000    96.58480
   3.30000     0.40000    97.29614
   3.40000     0.40000    96.60934
   3.50000     0.40000    97.05668
   3.60000     0.40000    96.90354
   3.70000     0.40000    96.63317
   3.80000     0.40000    96.88077
   3.90000     0.40000    97.00393
   4.00000     0.40000    96.98493
   4.10000     0.40000    96.59966
   4.20000     0.40000    96.04472
   4.30000     0.40000    96.60922
   4.40000     0.40000    96.68743
   4.50000     0.40000    96.43225
   4.60000     0.40000    96.56483
   4.70000     0.40000    96.59135
   4.80000     0.40000    96.50637
   4.90000     0.40000    96.77112
   5.00000     0.40000    96.77222
   0.10000     0.50000    96.07439
   0.20000     0.50000    95.56937
   0.30000     0.50000    95.24276
   0.40000     0.50000    95.04384
   0.50000     0.50000    93.44525
   0.60000     0.50000    91.65770
   0.70000     0.50000    91.34645
   0.80000     0.50000    93.19118
   0.90000     0.50000    94.51291
   1.00000     0.50000    94.83493
   1.10000     0.50000    95.83829
   1.20000     0.50000    96.33447
   1.30000     0.50000    96.71536
   1.40000     0.50000    96.70720
   1.50000     0.50000    95.88967
   1.60000     0.50000    96.56303
   1.70000     0.50000    96.79488
   1.80000     0.50000    96.49168
   1.90000     0.50000    96.74645
   2.00000     0.50000    96.77063
   2.10000     0.50000    96.80755
   2.20000     0.50000    96.71787
   2.30000     0.50000    96.65483
   2.40000     0.50000    97.25977
   2.50000     0.50000    96.97279
   2.60000     0.50000    96.82343
   2.70000     0.50000    96.78656
   2.80000     0.50000    96.33955
   2.90000     0.50000    96.88129
   3.00000     0.50000    96.71737
   3.10000     0.50000    96.28277
   3.20000     0.50000    96.30441
   3.30000     0.50000    96.55106
   3.40000     0.50000    97.18288
   3.50000     0.50000    96.28226
   3.60000     0.50000    96.73415
   3.70000     0.50000    96.48921
   3.80000     0.50000    96.85980
   3.90000     0.50000    96.67881
   4.00000     0.50000    96.77966
   4.10000     0.50000    96.45434
   4.20000     0.50000    96.62508
   4.30000     0.50000    96.06468
   4.40000     0.50000    97.13434
   4.50000     0.50000    96.96351
   4.60000     0.50000    97.08439
   4.70000     0.50000    96.93030
   4.80000     0.50000    96.85970
   4.90000     0.50000    97.17228
   5.00000     0.50000    96.98561
   0.10000     0.60000    96.59071
   0.20000     0.60000    95.84068
   0.30000     0.60000    95.68666
   0.40000     0.60000    94.62249
   0.50000     0.60000    94.43492
   0.60000     0.60000    93.64119
   0.70000     0.60000    93.30960
   0.80000     0.60000    92.49330
   0.90000     0.60000    92.75451
   1.00000     0.60000    94.77449
   1.10000     0.60000    96.00000
   1.20000     0.60000    96.60745
   1.30000     0.60000    96.40745
   1.40000     0.60000    96.74197
   1.50000     0.60000    96.34347
   1.60000     0.60000    96.53908
   1.70000     0.60000    96.98442
   1.80000     0.60000    96.84880
   1.90000     0.60000    96.80821
   2.00000     0.60000    96.79854
   2.10000     0.60000    96.59470
   2.20000     0.60000    96.77150
   2.30000     0.60000    96.72731
   2.40000     0.60000    96.63001
   2.50000     0.60000    97.13008
   2.60000     0.60000    97.03764
   2.70000     0.60000    96.91075
   2.80000     0.60000    96.60568
   2.90000     0.60000    96.92397
   3.00000     0.60000    96.84766
   3.10000     0.60000    96.58594
   3.20000     0.60000    96.86549
   3.30000     0.60000    96.68752
   3.40000     0.60000    96.73950
   3.50000     0.60000    96.60904
   3.60000     0.60000    96.72337
   3.70000     0.60000    96.43828
   3.80000     0.60000    96.75629
   3.90000     0.60000    96.81347
   4.00000     0.60000    96.76179
   4.10000     0.60000    96.56875
   4.20000     0.60000    96.87949
   4.30000     0.60000    96.42984
   4.40000     0.60000    96.80573
   4.50000     0.60000    97.13949
   4.60000     0.60000    96.73449
   4.70000     0.60000    96.67966
   4.80000     0.60000    96.39649
   4.90000     0.60000    97.26915
   5.00000     0.60000    97.12962
   0.10000     0.70000    96.43202
   0.20000     0.70000    95.72371
   0.30000     0.70000    95.20319
   0.40000     0.70000    94.91731
   0.50000     0.70000    94.10081
   0.60000     0.70000    93.63893
   0.70000     0.70000    92.80470
   0.80000     0.70000    92.34948
   0.90000     0.70000    91.35286
   1.00000     0.70000    91.03321
   1.10000     0.70000    95.97187
   1.20000     0.70000    96.38685
   1.30000     0.70000    96.90087
   1.40000     0.70000    96.66163
   1.50000     0.70000    96.80530
   1.60000     0.70000    96.84649
   1.70000     0.70000    96.84305
   1.80000     0.70000    96.83897
   1.90000     0.70000    97.07930
   2.00000     0.70000    97.14116
   2.10000     0.70000    97.08954
   2.20000     0.70000    97.08103
   2.30000     0.70000    96.76147
   2.40000     0.70000    96.81257
   2.50000     0.70000    97.18142
   2.60000     0.70000    96.31567
   2.70000     0.70000    96.67842
   2.80000     0.70000    96.68896
   2.90000     0.70000    96.91082
   3.00000     0.70000    96.74104
   3.10000     0.70000    96.75343
   3.20000     0.70000    96.86832
   3.30000     0.70000    96.82315
   3.40000     0.70000    97.02046
   3.50000     0.70000    96.52516
   3.60000     0.70000    97.03129
   3.70000     0.70000    96.50260
   3.80000     0.70000    96.22304
   3.90000     0.70000    97.06083
   4.00000     0.70000    96.68087
   4.10000     0.70000    96.37558
   4.20000     0.70000    96.96299
   4.30000     0.70000    96.73846
   4.40000     0.70000    96.64184
   4.50000     0.70000    97.03359
   4.60000     0.70000    96.39163
   4.70000     0.70000    96.89817
   4.80000     0.70000    96.68648
   4.90000     0.70000    96.64431
   5.00000     0.70000    96.96898
   0.10000     0.80000    96.30832
   0.20000     0.80000    96.01577
   0.30000     0.80000    94.61030
   0.40000     0.80000    94.59227
   0.50000     0.80000    93.81891
   0.60000     0.80000    92.90658
   0.70000     0.80000    92.57124
   0.80000     0.80000    91.53496
   0.90000     0.80000    91.09039
   1.00000     0.80000    90.29259
   1.10000     0.80000    89.41277
   1.20000     0.80000    96.54595
   1.30000     0.80000    96.57471
   1.40000     0.80000    96.37713
   1.50000     0.80000    97.44892
   1.60000     0.80000    96.97771
   1.70000     0.80000    96.94566
   1.80000     0.80000    96.77205
   1.90000     0.80000    96.38004
   2.00000     0.80000    96.95653
   2.10000     0.80000    96.43966
   2.20000     0.80000    96.63203
   2.30000     0.80000    96.82854
   2.40000     0.80000    96.74147
   2.50000     0.80000    96.92520
   2.60000     0.80000    97.03563
   2.70000     0.80000    96.65996
   2.80000     0.80000    96.61111
   2.90000     0.80000    97.01149
   3.00000     0.80000    96.52262
   3.10000     0.80000    96.65186
   3.20000     0.80000    96.81338
   3.30000     0.80000    96.71576
   3.40000     0.80000    96.65625
   3.50000     0.80000    96.78557
   3.60000     0.80000    96.81282
   3.70000     0.80000    96.59725
   3.80000     0.80000    96.73231
   3.90000     0.80000    96.33420
   4.00000     0.80000    96.86004
   4.10000     0.80000    96.13504
   4.20000     0.80000    96.45496
   4.30000     0.80000    96.58039
   4.40000     0.80000    97.01654
   4.50000     0.80000    96.84295
   4.60000     0.80000    96.76542
   4.70000     0.80000    97.05341
   4.80000     0.80000    96.50241
   4.90000     0.80000    96.73478
   5.00000     0.80000    97.06834
   0.10000     0.90000    96.12656
   0.20000     0.90000    95.69290
   0.30000     0.90000    95.42768
   0.40000     0.90000    94.16470
   0.50000     0.90000    93.60116
   0.60000     0.90000    92.86671
   0.70000     0.90000    92.28917
   0.80000     0.90000    91.21704
   0.90000     0.90000    90.83357
   1.00000     0.90000    89.69162
   1.10000     0.90000    88.96664
   1.20000     0.90000    87.87089
   1.30000     0.90000    96.84409
   1.40000     0.90000    96.65578
   1.50000     0.90000    96.78561
   1.60000     0.90000    96.83525
   1.70000     0.90000    96.88347
   1.80000     0.90000    96.28379
   1.90000     0.90000    96.91119
   2.00000     0.90000    96.60384
   2.10000     0.90000    96.57521
   2.20000     0.90000    96.79651
   2.30000     0.90000    96.90375
   2.40000     0.90000    96.70124
   2.50000     0.90000    96.51953
   2.60000     0.90000    97.02514
   2.70000     0.90000    96.93783
   2.80000     0.90000    96.41076
   2.90000     0.90000    96.67037
   3.00000     0.90000    96.85468
   3.10000     0.90000    97.12997
   3.20000     0.90000    96.25366
   3.30000     0.90000    97.00767
   3.40000     0.90000    96.65019
   3.50000     0.90000    96.83378
   3.60000     0.90000    96.35015
   3.70000     0.90000    97.15860
   3.80000     0.90000    96.78045
   3.90000     0.90000    96.91274
   4.00000     0.90000    96.58439
   4.10000     0.90000    96.67318
   4.20000     0.90000    96.48818
   4.30000     0.90000    96.68437
   4.40000     0.90000    96.72380
   4.50000     0.90000    96.48308
   4.60000     0.90000    97.13259
   4.70000     0.90000    96.68442
   4.80000     0.90000    96.68335
   4.90000     0.90000    96.68865
   5.00000     0.90000    96.50850
   0.10000     1.00000    96.33445
   0.20000     1.00000    96.19625
   0.30000     1.00000    95.40513
   0.40000     1.00000    94.36014
   0.50000     1.00000    94.32798
   0.60000     1.00000    92.80878
   0.70000     1.00000    91.82510
   0.80000     1.00000    90.65184
   0.90000     1.00000    90.44815
   1.00000     1.00000    89.19181
   1.10000     1.00000    88.05005
   1.20000     1.00000    87.69314
   1.30000     1.00000    96.91606
   1.40000     1.00000    96.47859
   1.50000     1.00000    96.30770
   1.60000     1.00000    96.35654
   1.70000     1.00000    97.19366
   1.80000     1.00000    96.85228
   1.90000     1.00000    96.95811
   2.00000     1.00000    96.97271
   2.10000     1.00000    97.08011
   2.20000     1.00000    96.77009
   2.30000     1.00000    97.00435
   2.40000     1.00000    97.01746
   2.50000     1.00000    96.46371
   2.60000     1.00000    96.12467
   2.70000     1.00000    97.15679
   2.80000     1.00000    96.35885
   2.90000     1.00000    96.53512
   3.00000     1.00000    96.59959
   3.10000     1.00000    97.44293
   3.20000     1.00000    97.15002
   3.30000     1.00000    96.80393
   3.40000     1.00000    96.65941
   3.50000     1.00000    96.88049
   3.60000     1.00000    97.18177
   3.70000     1.00000    96.64754
   3.80000     1.00000    96.84235
   3.90000     1.00000    96.80434
   4.00000     1.00000    97.15699
   4.10000     1.00000    96.90351
   4.20000     1.00000    96.65685
   4.30000     1.00000    96.80039
   4.40000     1.00000    96.67376
   4.50000     1.00000    96.93466
   4.60000     1.00000    96.76522
   4.70000     1.00000    96.95342
   4.80000     1.00000    96.64807
   4.90000     1.00000    96.71772
   5.00000     1.00000    97.15758
   0.10000     1.10000    96.21035
   0.20000     1.10000    95.51480
   0.30000     1.10000    95.31261
   0.40000     1.10000    94.42343
   0.50000     1.10000    93.59474
   0.60000     1.10000    92.33103
   0.70000     1.10000    91.46825
   0.80000     1.10000    90.51846
   0.90000     1.10000    89.76371
   1.00000     1.10000    88.97222
   1.10000     1.10000    88.12512
   1.20000     1.10000    86.83179
   1.30000     1.10000    96.55558
   1.40000     1.10000    96.99522
   1.50000     1.10000    96.28546
   1.60000     1.10000    96.69291
   1.70000     1.10000    96.63896
   1.80000     1.10000    96.78684
   1.90000     1.10000    96.94451
   2.00000     1.10000    96.91471
   2.10000     1.10000    96.57770
   2.20000     1.10000    96.98698
   2.30000     1.10000    96.51595
   2.40000     1.10000    97.07888
   2.50000     1.10000    96.43321
   2.60000     1.10000    96.53405
   2.70000     1.10000    96.87528
   2.80000     1.10000    96.76268
   2.90000     1.10000    96.73180
   3.00000     1.10000    96.97071
   3.10000     1.10000    96.63772
   3.20000     1.10000    96.78534
   3.30000     1.10000    96.78809
   3.40000     1.10000    97.08771
   3.50000     1.10000    96.91833
   3.60000     1.10000    96.73818
   3.70000     1.10000    96.63750
   3.80000     1.10000    96.65824
   3.90000     1.10000    97.13611
   4.00000     1.10000    96.99238
   4.10000     1.10000    96.77623
   4.20000     1.10000    96.73446
   4.30000     1.10000    96.58910
   4.40000     1.10000    97.05959
   4.50000     1.10000    97.06770
   4.60000     1.10000    96.90414
   4.70000     1.10000    96.59518
   4.80000     1.10000    96.95589
   4.90000     1.10000    96.98283
   5.00000     1.10000    96.32737
   0.10000     1.20000    96.11894
   0.20000     1.20000    95.14701
   0.30000     1.20000    94.83398
   0.40000     1.20000    93.98440
   0.50000     1.20000    92.79729
   0.60000     1.20000    91.77884
   0.70000     1.20000    90.86130
   0.80000     1.20000    90.21162
   0.90000     1.20000    89.43340
   1.00000     1.20000    88.42751
   1.10000     1.20000    87.69569
   1.20000     1.20000    86.46378
   1.30000     1.20000    96.99472
   1.40000     1.20000    96.61904
   1.50000     1.20000    96.45589
   1.60000     1.20000    96.39724
   1.70000     1.20000    95.96290
   1.80000     1.20000    96.70244
   1.90000     1.20000    96.89880
   2.00000     1.20000    96.20567
   2.10000     1.20000    96.85597
   2.20000     1.20000    97.25650
   2.30000     1.20000    96.70795
   2.40000     1.20000    97.12752
   2.50000     1.20000    97.09835
   2.60000     1.20000    96.62144
   2.70000     1.20000    96.61630
   2.80000     1.20000    96.30249
   2.90000     1.20000    97.03268
   3.00000     1.20000    96.54053
   3.10000     1.20000    96.81376
   3.20000     1.20000    97.13150
   3.30000     1.20000    96.86888
   3.40000     1.20000    96.95547
   3.50000     1.20000    96.73063
   3.60000     1.20000    96.69708
   3.70000     1.20000    96.70171
   3.80000     1.20000    96.82376
   3.90000     1.20000    96.99973
   4.00000     1.20000    96.56483
   4.10000     1.20000    97.01957
   4.20000     1.20000    96.77247
   4.30000     1.20000    96.40314
   4.40000     1.20000    96.71457
   4.50000     1.20000    97.00189
   4.60000     1.20000    96.29953
   4.70000     1.20000    96.79333
   4.80000     1.20000    96.81396
   4.90000     1.20000    96.49944
   5.00000     1.20000    96.91051
   0.10000     1.30000    96.00098
   0.20000     1.30000    95.06690
   0.30000     1.30000    94.25345
   0.40000     1.30000    93.59400
   0.50000     1.30000    92.87291
   0.60000     1.30000    91.88057
   0.70000     1.30000    90.87669
   0.80000     1.30000    89.47041
   0.90000     1.30000    88.84118
   1.00000     1.30000    87.75229
   1.10000     1.30000    87.26869
   1.20000     1.30000    86.72282
   1.30000     1.30000    85.91149
   1.40000     1.30000    97.28024
   1.50000     1.30000    96.80343
   1.60000     1.30000    96.92410
   1.70000     1.30000    96.69009
   1.80000     1.30000    96.89681
   1.90000     1.30000    97.08071
   2.00000     1.30000    96.22564
   2.10000     1.30000    96.92936
   2.20000     1.30000    96.93201
   2.30000     1.30000    96.78654
   2.40000     1.30000    97.16596
   2.50000     1.30000    96.54931
   2.60000     1.30000    96.96010
   2.70000     1.30000    96.71828
   2.80000     1.30000    96.98302
   2.90000     1.30000    96.76357
   3.00000     1.30000    96.83114
   3.10000     1.30000    96.82149
   3.20000     1.30000    96.68760
   3.30000     1.30000    97.11233
   3.40000     1.30000    97.32046
   3.50000     1.30000    96.69653
   3.60000     1.30000    96.13406
   3.70000     1.30000    97.01069
   3.80000     1.30000    96.73254
   3.90000     1.30000    96.16343
   4.00000     1.30000    97.12446
   4.10000     1.30000    96.64901
   4.20000     1.30000    97.45625
   4.30000     1.30000    96.58833
   4.40000     1.30000    97.09040
   4.50000     1.30000    96.83096
   4.60000     1.30000    96.70066
   4.70000     1.30000    97.25432
   4.80000     1.30000    96.41949
   4.90000     1.30000    97.22629
   5.00000     1.30000    96.70358
   0.10000     1.40000    96.15666
   0.20000     1.40000    95.14823
   0.30000     1.40000    94.53284
   0.40000     1.40000    93.05794
   0.50000     1.40000    92.77788
   0.60000     1.40000    91.45125
   0.70000     1.40000    90.39577
   0.80000     1.40000    89.27230
   0.90000     1.40000    88.38777
   1.00000     1.40000    87.21572
   1.10000     1.40000    86.38947
   1.20000     1.40000    85.67070
   1.30000     1.40000    85.23430
   1.40000     1.40000    96.88738
   1.50000     1.40000    96.40804
   1.60000     1.40000    96.86652
   1.70000     1.40000    96.96487
   1.80000     1.40000    96.78537
   1.90000     1.40000    96.93900
   2.00000     1.40000    96.62151
   2.10000     1.40000    96.98236
   2.20000     1.40000    96.28833
   2.30000     1.40000    96.79894
   2.40000     1.40000    96.46178
   2.50000     1.40000    96.58111
   2.60000     1.40000    96.53236
   2.70000     1.40000    96.75120
   2.80000     1.40000    97.40163
   2.90000     1.40000    96.98660
   3.00000     1.40000    97.01676
   3.10000     1.40000    96.78292
   3.20000     1.40000    96.57968
   3.30000     1.40000    96.97205
   3.40000     1.40000    96.81440
   3.50000     1.40000    96.75477
   3.60000     1.40000    96.64752
   3.70000     1.40000    97.03383
   3.80000     1.40000    96.51748
   3.90000     1.40000    96.60273
   4.00000     1.40000    96.97245
   4.10000     1.40000    96.91203
   4.20000     1.40000    96.98326
   4.30000     1.40000    96.61467
   4.40000     1.40000    97.12602
   4.50000     1.40000    96.54110
   4.60000     1.40000    96.99464
   4.70000     1.40000    96.96153
   4.80000     1.40000    97.00571
   4.90000     1.40000    96.37318
   5.00000     1.40000    96.88085
   0.10000     1.50000    96.15290
   0.20000     1.50000    95.09052
   0.30000     1.50000    94.33699
   0.40000     1.50000    93.23225
   0.50000     1.50000    92.21752
   0.60000     1.50000    91.37825
   0.70000     1.50000    90.07421
   0.80000     1.50000    89.02047
   0.90000     1.50000    87.91224
   1.00000     1.50000    87.20150
   1.10000     1.50000    86.30467
   1.20000     1.50000    85.66735
   1.30000     1.50000    84.93191
   1.40000     1.50000    96.77584
   1.50000     1.50000    96.76686
   1.60000     1.50000    96.62818
   1.70000     1.50000    96.60917
   1.80000     1.50000    96.83610
   1.90000     1.50000    97.00877
   2.00000     1.50000    96.86646
   2.10000     1.50000    96.81188
   2.20000     1.50000    97.02338
   2.30000     1.50000    96.96196
   2.40000     1.50000    96.55594
   2.50000     1.50000    96.31570
   2.60000     1.50000    96.32537
   2.70000     1.50000    96.10247
   2.80000     1.50000    96.49567
   2.90000     1.50000    97.05393
   3.00000     1.50000    96.77393
   3.10000     1.50000    96.76765
   3.20000     1.50000    96.38741
   3.30000     1.50000    97.32094
   3.40000     1.50000    96.65964
   3.50000     1.50000    96.91095
   3.60000     1.50000    96.21303
   3.70000     1.50000    96.79463
   3.80000     1.50000    96.84830
   3.90000     1.50000    96.77319
   4.00000     1.50000    97.14072
   4.10000     1.50000    96.66525
   4.20000     1.50000    96.96513
   4.30000     1.50000    96.73557
   4.40000     1.50000    96.64030
   4.50000     1.50000    96.51430
   4.60000     1.50000    96.52085
   4.70000     1.50000    96.78495
   4.80000     1.50000    96.37898
   4.90000     1.50000    97.07522
   5.00000     1.50000    97.21217
   0.10000     1.60000    96.19722
   0.20000     1.60000    95.11832
   0.30000     1.60000    94.09188
   0.40000     1.60000    93.22174
   0.50000     1.60000    92.25539
   0.60000     1.60000    91.28827
   0.70000     1.60000    89.52873
   0.80000     1.60000    88.80639
   0.90000     1.60000    87.58727
   1.00000     1.60000    86.39256
   1.10000     1.60000    85.68493
   1.20000     1.60000    84.90576
   1.30000     1.60000    96.83867
   1.40000     1.60000    96.76615
   1.50000     1.60000    96.28723
   1.60000     1.60000    96.64560
   1.70000     1.60000    96.16775
   1.80000     1.60000    97.00737
   1.90000     1.60000    96.92314
   2.00000     1.60000    96.86081
   2.10000     1.60000    96.84747
   2.20000     1.60000    97.10070
   2.30000     1.60000    96.47432
   2.40000     1.60000    96.70244
   2.50000     1.60000    96.56929
   2.60000     1.60000    96.62723
   2.70000     1.60000    96.66812
   2.80000     1.60000    96.28313
   2.90000     1.60000    96.37641
   3.00000     1.60000    96.69449
   3.10000     1.60000    96.84270
   3.20000     1.60000    96.69832
   3.30000     1.60000    97.25945
   3.40000     1.60000    96.89666
   3.50000     1.60000    96.92484
   3.60000     1.60000    96.43461
   3.70000     1.60000    96.70793
   3.80000     1.60000    96.29008
   3.90000     1.60000    96.24856
   4.00000     1.60000    96.13737
   4.10000     1.60000    96.24062
   4.20000     1.60000    96.52907
   4.30000     1.60000    96.65072
   4.40000     1.60000    96.77823
   4.50000     1.60000    96.89792
   4.60000     1.60000    97.12133
   4.70000     1.60000    96.78338
   4.80000     1.60000    96.49980
   4.90000     1.60000    96.88419
   5.00000     1.60000    96.55647
   0.10000     1.70000    95.94875
   0.20000     1.70000    95.24843
   0.30000     1.70000    94.00748
   0.40000     1.70000    92.90958
   0.50000     1.70000    92.06372
   0.60000     1.70000    90.38103
   0.70000     1.70000    89.47243
   0.80000     1.70000    87.98509
   0.90000     1.70000    86.94564
   1.00000     1.70000    86.44292
   1.10000     1.70000    85.19835
   1.20000     1.70000    84.91664
   1.30000     1.70000    96.59699
   1.40000     1.70000    97.38391
   1.50000     1.70000    96.99106
   1.60000     1.70000    96.93760
   1.70000     1.70000    96.91600
   1.80000     1.70000    96.49637
   1.90000     1.70000    96.63500
   2.00000     1.70000    96.48382
   2.10000     1.70000    96.77408
   2.20000     1.70000    96.60927
   2.30000     1.70000    96.94849
   2.40000     1.70000    96.89892
   2.50000     1.70000    96.74338
   2.60000     1.70000    97.00248
   2.70000     1.70000    96.95402
   2.80000     1.70000    96.54135
   2.90000     1.70000    96.52784
   3.00000     1.70000    96.59977
   3.10000     1.70000    96.90659
   3.20000     1.70000    96.84297
   3.30000     1.70000    96.43119
   3.40000     1.70000    96.78722
   3.50000     1.70000    96.86529
   3.60000     1.70000    96.93678
   3.70000     1.70000    96.35101
   3.80000     1.70000    96.56777
   3.90000     1.70000    96.98781
   4.00000     1.70000    97.14490
   4.10000     1.70000    96.94083
   4.20000     1.70000    96.57095
   4.30000     1.70000    96.53639
   4.40000     1.70000    96.95062
   4.50000     1.70000    96.67847
   4.60000     1.70000    96.44362
   4.70000     1.70000    96.95024
   4.80000     1.70000    96.66251
   4.90000     1.70000    96.54785
   5.00000     1.70000    96.63792
   0.10000     1.80000    95.82711
   0.20000     1.80000    95.03709
   0.30000     1.80000    93.77967
   0.40000     1.80000    92.87497
   0.50000     1.80000    91.63352
   0.60000     1.80000    90.53861
   0.70000     1.80000    88.95112
   0.80000     1.80000    88.22073
   0.90000     1.80000    87.18338
   1.00000     1.80000    85.84718
   1.10000     1.80000    85.26447
   1.20000     1.80000    84.65516
   1.30000     1.80000    96.37602
   1.40000     1.80000    96.05491
   1.50000     1.80000    96.32081
   1.60000     1.80000    96.49418
   1.70000     1.80000    96.95011
   1.80000     1.80000    96.93019
   1.90000     1.80000    96.28829
   2.00000     1.80000    96.55274
   2.10000     1.80000    97.41941
   2.20000     1.80000    96.76443
   2.30000     1.80000    97.03436
   2.40000     1.80000    97.59159
   2.50000     1.80000    96.82147
   2.60000     1.80000    96.29699
   2.70000     1.80000    96.61411
   2.80000     1.80000    96.66909
   2.90000     1.80000    96.90873
   3.00000     1.80000    96.72079
   3.10000     1.80000    96.81478
   3.20000     1.80000    96.69104
   3.30000     1.80000    97.12374
   3.40000     1.80000    96.66544
   3.50000     1.80000    96.63680
   3.60000     1.80000    97.02189
   3.70000     1.80000    97.25276
   3.80000     1.80000    96.84491
   3.90000     1.80000    96.36207
   4.00000     1.80000    96.63088
   4.10000     1.80000    96.76451
   4.20000     1.80000    96.67441
   4.30000     1.80000    96.65348
   4.40000     1.80000    96.59720
   4.50000     1.80000    96.81352
   4.60000     1.80000    97.25398
   4.70000     1.80000    96.50624
   4.80000     1.80000    96.55642
   4.90000     1.80000    97.03734
   5.00000     1.80000    96.74291
   0.10000     1.90000    95.99038
   0.20000     1.90000    95.07032
   0.30000     1.90000    93.94907
   0.40000     1.90000    92.45123
   0.50000     1.90000    91.56835
   0.60000     1.90000    90.17633
   0.70000     1.90000    88.95364
   0.80000     1.90000    87.22502
   0.90000     1.90000    86.50447
   1.00000     1.90000    85.56881
   1.10000     1.90000    84.98923
   1.20000     1.90000    84.68631
   1.30000     1.90000    96.40385
   1.40000     1.90000    96.85437
   1.50000     1.90000    97.15954
   1.60000     1.90000    96.65913
   1.70000     1.90000    96.92856
   1.80000     1.90000    96.60596
   1.90000     1.90000    96.96150
   2.00000     1.90000    96.50730
   2.10000     1.90000    96.99623
   2.20000     1.90000    96.41824
   2.30000     1.90000    96.68536
   2.40000     1.90000    96.46277
   2.50000     1.90000    96.69805
   2.60000     1.90000    97.07808
   2.70000     1.90000    96.26337
   2.80000     1.90000    96.58275
   2.90000     1.90000    96.66806
   3.00000     1.90000    96.93972
   3.10000     1.90000    96.88006
   3.20000     1.90000    96.70705
   3.30000     1.90000    97.01964
   3.40000     1.90000    96.40765
   3.50000     1.90000    96.48039
   3.60000     1.90000    96.56815
   3.70000     1.90000    96.97808
   3.80000     1.90000    96.21068
   3.90000     1.90000    96.56089
   4.00000     1.90000    96.95622
   4.10000     1.90000    97.04554
   4.20000     1.90000    96.65218
   4.30000     1.90000    96.41787
   4.40000     1.90000    96.85608
   4.50000     1.90000    96.67265
   4.60000     1.90000    96.81410
   4.70000     1.90000    96.91333
   4.80000     1.90000    96.62450
   4.90000     1.90000    97.33712
   5.00000     1.90000    96.81612
   0.10000     2.00000    95.76803
   0.20000     2.00000    94.73341
   0.30000     2.00000    94.10172
   0.40000     2.00000    92.99553
   0.50000     2.00000    90.97502
   0.60000     2.00000    89.70484
   0.70000     2.00000    88.15679
   0.80000     2.00000    87.19041
   0.90000     2.00000    86.11927
   1.00000     2.00000    85.64017
   1.10000     2.00000    84.58580
   1.20000     2.00000    84.62665
   1.30000     2.00000    96.76170
   1.40000     2.00000    96.46558
   1.50000     2.00000    96.26879
   1.60000     2.00000    97.06625
   1.70000     2.00000    96.76128
   1.80000     2.00000    96.75195
   1.90000     2.00000    96.89761
   2.00000     2.00000    96.48035
   2.10000     2.00000    96.91075
   2.20000     2.00000    96.84038
   2.30000     2.00000    96.69736
   2.40000     2.00000    96.64330
   2.50000     2.00000    96.86061
   2.60000     2.00000    97.22205
   2.70000     2.00000    96.94938
   2.80000     2.00000    97.08905
   2.90000     2.00000    96.68523
   3.00000     2.00000    96.96240
   3.10000     2.00000    96.65213
   3.20000     2.00000    96.57970
   3.30000     2.00000    96.80677
   3.40000     2.00000    97.27423
   3.50000     2.00000    96.62640
   3.60000     2.00000    96.95605
   3.70000     2.00000    97.12970
   3.80000     2.00000    96.58007
   3.90000     2.00000    97.06034
   4.00000     2.00000    96.73628
   4.10000     2.00000    96.38878
   4.20000     2.00000    96.81620
   4.30000     2.00000    96.50835
   4.40000     2.00000    97.04500
   4.50000     2.00000    96.85437
   4.60000     2.00000    96.67753
   4.70000     2.00000    97.10632
   4.80000     2.00000    96.73118
   4.90000     2.00000    97.12830
   5.00000     2.00000    96.68624
   0.10000     2.10000    95.94289
   0.20000     2.10000    94.73187
   0.30000     2.10000    93.65810
   0.40000     2.10000    92.53734
   0.50000     2.10000    90.74531
   0.60000     2.10000    89.76748
   0.70000     2.10000    88.24959
   0.80000     2.10000    86.80038
   0.90000     2.10000    85.97353
   1.00000     2.10000    84.92127
   1.10000     2.10000    84.56879
   1.20000     2.10000    84.37179
   1.30000     2.10000    96.59017
   1.40000     2.10000    96.97524
   1.50000     2.10000    96.64931
   1.60000     2.10000    96.39776
   1.70000     2.10000    96.49522
   1.80000     2.10000    96.78378
   1.90000     2.10000    96.67910
   2.00000     2.10000    96.87448
   2.10000     2.10000    96.61518
   2.20000     2.10000    96.46841
   2.30000     2.10000    96.86158
   2.40000     2.10000    96.34315
   2.50000     2.10000    96.74520
   2.60000     2.10000    96.39836
   2.70000     2.10000    97.28410
   2.80000     2.10000    97.56350
   2.90000     2.10000    96.93401
   3.00000     2.10000    96.67954
   3.10000     2.10000    97.30369
   3.20000     2.10000    96.44642
   3.30000     2.10000    96.86270
   3.40000     2.10000    97.41822
   3.50000     2.10000    96.84226
   3.60000     2.10000    96.80245
   3.70000     2.10000    96.87849
   3.80000     2.10000    96.96183
   3.90000     2.10000    96.98398
   4.00000     2.10000    97.02580
   4.10000     2.10000    96.94727
   4.20000     2.10000    96.27990
   4.30000     2.10000    96.23325
   4.40000     2.10000    96.23444
   4.50000     2.10000    96.59226
   4.60000     2.10000    96.73054
   4.70000     2.10000    96.42300
   4.80000     2.10000    97.04528
   4.90000     2.10000    96.96831
   5.00000     2.10000    96.64721
   0.10000     2.20000    96.12065
   0.20000     2.20000    94.81662
   0.30000     2.20000    93.28861
   0.40000     2.20000    92.08356
   0.50000     2.20000    90.83449
   0.60000     2.20000    89.09588
   0.70000     2.20000    87.64792
   0.80000     2.20000    86.36209
   0.90000     2.20000    85.28048
   1.00000     2.20000    84.92909
   1.10000     2.20000    84.24113
   1.20000     2.20000    84.25648
   1.30000     2.20000    96.59956
   1.40000     2.20000    96.98496
   1.50000     2.20000    96.64536
   1.60000     2.20000    96.98309
   1.70000     2.20000    96.68671
   1.80000     2.20000    96.75072
   1.90000     2.20000    96.90864
   2.00000     2.20000    96.59986
   2.10000     2.20000    96.62406
   2.20000     2.20000    97.02209
   2.30000     2.20000    96.56433
   2.40000     2.20000    97.07927
   2.50000     2.20000    96.52522
   2.60000     2.20000    97.05973
   2.70000     2.20000    96.77431
   2.80000     2.20000    96.75514
   2.90000     2.20000    96.90535
   3.00000     2.20000    96.77417
   3.10000     2.20000    96.89530
   3.20000     2.20000    96.99457
   3.30000     2.20000    96.65614
   3.40000     2.20000    96.55089
   3.50000     2.20000    97.12412
   3.60000     2.20000    97.26711
   3.70000     2.20000    96.89817
   3.80000     2.20000    96.59884
   3.90000     2.20000    96.48922
   4.00000     2.20000    96.81409
   4.10000     2.20000    96.81125
   4.20000     2.20000    96.46573
   4.30000     2.20000    96.97819
   4.40000     2.20000    96.93052
   4.50000     2.20000    97.03841
   4.60000     2.20000    96.61375
   4.70000     2.20000    97.19032
   4.80000     2.20000    96.58399
   4.90000     2.20000    97.05722
   5.00000     2.20000    96.23157
   0.10000     2.30000    96.38505
   0.20000     2.30000    94.88496
   0.30000     2.30000    93.25670
   0.40000     2.30000    92.17562
   0.50000     2.30000    90.37271
   0.60000     2.30000    89.02452
   0.70000     2.30000    87.60966
   0.80000     2.30000    86.44207
   0.90000     2.30000    85.45251
   1.00000     2.30000    84.93343
   1.10000     2.30000    84.31421
   1.20000     2.30000    84.41053
   1.30000     2.30000    96.89120
   1.40000     2.30000    96.47997
   1.50000     2.30000    96.55136
   1.60000     2.30000    97.29170
   1.70000     2.30000    96.54144
   1.80000     2.30000    96.42425
   1.90000     2.30000    96.28676
   2.00000     2.30000    96.54486
   2.10000     2.30000    96.88523
   2.20000     2.30000    96.95346
   2.30000     2.30000    96.65003
   2.40000     2.30000    96.63283
   2.50000     2.30000    96.51219
   2.60000     2.30000    96.75079
   2.70000     2.30000    96.91922
   2.80000     2.30000    96.65079
   2.90000     2.30000    96.78902
   3.00000     2.30000    96.71128
   3.10000     2.30000    97.13862
   3.20000     2.30000    96.86368
   3.30000     2.30000    96.03212
   3.40000     2.30000    96.63524
   3.50000     2.30000    96.85702
   3.60000     2.30000    96.47965
   3.70000     2.30000    97.09541
   3.80000     2.30000    96.98751
   3.90000     2.30000    96.98529
   4.00000     2.30000    96.72157
   4.10000     2.30000    96.44244
   4.20000     2.30000    96.67863
   4.30000     2.30000    96.68611
   4.40000     2.30000    96.55586
   4.50000     2.30000    96.68973
   4.60000     2.30000    96.68753
   4.70000     2.30000    97.00603
   4.80000     2.30000    96.97048
   4.90000     2.30000    96.42982
   5.00000     2.30000    97.12146
   0.10000     2.40000    95.66416
   0.20000     2.40000    94.53222
   0.30000     2.40000    93.54318
   0.40000     2.40000    91.68936
   0.50000     2.40000    90.39450
   0.60000     2.40000    88.29641
   0.70000     2.40000    87.24456
   0.80000     2.40000    85.96625
   0.90000     2.40000    85.32473
   1.00000     2.40000    84.68080
   1.10000     2.40000    84.23599
   1.20000     2.40000    84.42283
   1.30000     2.40000    96.51662
   1.40000     2.40000    96.77763
   1.50000     2.40000    97.09140
   1.60000     2.40000    96.84926
   1.70000     2.40000    96.90997
   1.80000     2.40000    96.95788
   1.90000     2.40000    96.54192
   2.00000     2.40000    96.74522
   2.10000     2.40000    96.66124
   2.20000     2.40000    96.82441
   2.30000     2.40000    97.02097
   2.40000     2.40000    97.00617
   2.50000     2.40000    96.86634
   2.60000     2.40000    96.99766
   2.70000     2.40000    96.37524
   2.80000     2.40000    96.99540
   2.90000     2.40000    96.76133
   3.00000     2.40000    96.82685
   3.10000     2.40000    96.51431
   3.20000     2.40000    96.28640
   3.30000     2.40000    97.07710
   3.40000     2.40000    97.17197
   3.50000     2.40000    96.52659
   3.60000     2.40000    96.95554
   3.70000     2.40000    96.95315
   3.80000     2.40000    96.65945
   3.90000     2.40000    96.60936
   4.00000     2.40000    96.84203
   4.10000     2.40000    96.66248
   4.20000     2.40000    97.04442
   4.30000     2.40000    96.85076
   4.40000     2.40000    97.14236
   4.50000     2.40000    96.59731
   4.60000     2.40000    96.60487
   4.70000     2.40000    96.69788
   4.80000     2.40000    97.05406
   4.90000     2.40000    96.80876
   5.00000     2.40000    96.62502
   0.10000     2.50000    95.78691
   0.20000     2.50000    94.75352
   0.30000     2.50000    93.14820
   0.40000     2.50000    91.91709
   0.50000     2.50000    89.82410
   0.60000     2.50000    88.35747
   0.70000     2.50000    86.93468
   0.80000     2.50000    85.93425
   0.90000     2.50000    85.16340
   1.00000     2.50000    84.13955
   1.10000     2.50000    83.93599
   1.20000     2.50000    84.90100
   1.30000     2.50000    96.90087
   1.40000     2.50000    96.72798
   1.50000     2.50000    96.67446
   1.60000     2.50000    96.79074
   1.70000     2.50000    97.19095
   1.80000     2.50000    96.71090
   1.90000     2.50000    96.61942
   2.00000     2.50000    96.42711
   2.10000     2.50000    96.71664
   2.20000     2.50000    97.27380
   2.30000     2.50000    96.59385
   2.40000     2.50000    96.65582
   2.50000     2.50000    96.86105
   2.60000     2.50000    96.95938
   2.70000     2.50000    97.16042
   2.80000     2.50000    97.38973
   2.90000     2.50000    96.53794
   3.00000     2.50000    96.43789
   3.10000     2.50000    97.17819
   3.20000     2.50000    96.92634
   3.30000     2.50000    97.06615
   3.40000     2.50000    96.64853
   3.50000     2.50000    96.86082
   3.60000     2.50000    96.91026
   3.70000     2.50000    96.37659
   3.80000     2.50000    96.16244
   3.90000     2.50000    97.13339
   4.00000     2.50000    96.67442
   4.10000     2.50000    96.44371
   4.20000     2.50000    96.77497
   4.30000     2.50000    96.97627
   4.40000     2.50000    96.96973
   4.50000     2.50000    96.41547
   4.60000     2.50000    96.90044
   4.70000     2.50000    96.81304
   4.80000     2.50000    96.86158
   4.90000     2.50000    96.73705
   5.00000     2.50000    96.66745
   0.10000     2.60000    95.92493
   0.20000     2.60000    94.31840
   0.30000     2.60000    92.92598
   0.40000     2.60000    91.70753
   0.50000     2.60000    89.50206
   0.60000     2.60000    88.14475
   0.70000     2.60000    86.48778
   0.80000     2.60000    85.40787
   0.90000     2.60000    85.14961
   1.00000     2.60000    84.14957
   1.10000     2.60000    84.43486
   1.20000     2.60000    86.53044
   1.30000     2.60000    96.55228
   1.40000     2.60000    96.92266
   1.50000     2.60000    96.94424
   1.60000     2.60000    96.52889
   1.70000     2.60000    96.69068
   1.80000     2.60000    96.95754
   1.90000     2.60000    97.31856
   2.00000     2.60000    97.10198
   2.10000     2.60000    96.71090
   2.20000     2.60000    97.00573
   2.30000     2.60000    96.55563
   2.40000     2.60000    96.46224
   2.50000     2.60000    96.20556
   2.60000     2.60000    96.63190
   2.70000     2.60000    96.72168
   2.80000     2.60000    96.49011
   2.90000     2.60000    96.56850
   3.00000     2.60000    96.77676
   3.10000     2.60000    96.67831
   3.20000     2.60000    96.82988
   3.30000     2.60000    97.01182
   3.40000     2.60000    96.77262
   3.50000     2.60000    96.49413
   3.60000     2.60000    97.11274
   3.70000     2.60000    96.62860
   3.80000     2.60000    96.51736
   3.90000     2.60000    97.05735
   4.00000     2.60000    96.79716
   4.10000     2.60000    96.89197
   4.20000     2.60000    96.64357
   4.30000     2.60000    96.31956
   4.40000     2.60000    97.02538
   4.50000     2.60000    96.90723
   4.60000     2.60000    96.76986
   4.70000     2.60000    97.09535
   4.80000     2.60000    96.57656
   4.90000     2.60000    96.70912
   5.00000     2.60000    97.04543
   0.10000     2.70000    96.17631
   0.20000     2.70000    94.65327
   0.30000     2.70000    93.05388
   0.40000     2.70000    91.35387
   0.50000     2.70000    89.53837
   0.60000     2.70000    88.22654
   0.70000     2.70000    86.70081
   0.80000     2.70000    85.65267
   0.90000     2.70000    84.53120
   1.00000     2.70000    84.22115
   1.10000     2.70000    84.41456
   1.20000     2.70000    96.70159
   1.30000     2.70000    97.11473
   1.40000     2.70000    97.16586
   1.50000     2.70000    97.22187
   1.60000     2.70000    96.81683
   1.70000     2.70000    96.64993
   1.80000     2.70000    97.11651
   1.90000     2.70000    96.97926
   2.00000     2.70000    97.07389
   2.10000     2.70000    97.59127
   2.20000     2.70000    96.93541
   2.30000     2.70000    97.11097
   2.40000     2.70000    97.03890
   2.50000     2.70000    96.66690
   2.60000     2.70000    96.88173
   2.70000     2.70000    96.54714
   2.80000     2.70000    96.90210
   2.90000     2.70000    96.74173
   3.00000     2.70000    96.80052
   3.10000     2.70000    96.72428
   3.20000     2.70000    96.80332
   3.30000     2.70000    97.11236
   3.40000     2.70000    96.60610
   3.50000     2.70000    96.90145
   3.60000     2.70000    96.69548
   3.70000     2.70000    97.19475
   3.80000     2.70000    96.89982
   3.90000     2.70000    96.46942
   4.00000     2.70000    96.62095
   4.10000     2.70000    97.03443
   4.20000     2.70000    96.55994
   4.30000     2.70000    96.99677
   4.40000     2.70000    96.05908
   4.50000     2.70000    96.81446
   4.60000     2.70000    96.91245
   4.70000     2.70000    97.03152
   4.80000     2.70000    96.27120
   4.90000     2.70000    96.56806
   5.00000     2.70000    96.93608
   0.10000     2.80000    95.24787
   0.20000     2.80000    94.33609
   0.30000     2.80000    93.12065
   0.40000     2.80000    90.97926
   0.50000     2.80000    89.03060
   0.60000     2.80000    87.73351
   0.70000     2.80000    86.32372
   0.80000     2.80000    85.70602
   0.90000     2.80000    84.81572
   1.00000     2.80000    84.21320
   1.10000     2.80000    84.49978
   1.20000     2.80000    96.65693
   1.30000     2.80000    97.01420
   1.40000     2.80000    96.68936
   1.50000     2.80000    96.97688
   1.60000     2.80000    96.84278
   1.70000     2.80000    97.12170
   1.80000     2.80000    96.70236
   1.90000     2.80000    96.79108
   2.00000     2.80000    96.79462
   2.10000     2.80000    96.62391
   2.20000     2.80000    96.77751
   2.30000     2.80000    96.62480
   2.40000     2.80000    97.26672
   2.50000     2.80000    96.53818
   2.60000     2.80000    96.40080
   2.70000     2.80000    96.58528
   2.80000     2.80000    96.67616
   2.90000     2.80000    97.19630
   3.00000     2.80000    96.78838
   3.10000     2.80000    96.68434
   3.20000     2.80000    96.16662
   3.30000     2.80000    96.67021
   3.40000     2.80000    96.71400
   3.50000     2.80000    96.80436
   3.60000     2.80000    97.05638
   3.70000     2.80000    96.56657
   3.80000     2.80000    97.06459
   3.90000     2.80000    96.53836
   4.00000     2.80000    97.09178
   4.10000     2.80000    96.57104
   4.20000     2.80000    96.63459
   4.30000     2.80000    96.65069
   4.40000     2.80000    96.76019
   4.50000     2.80000    96.68935
   4.60000     2.80000    96.55159
   4.70000     2.80000    96.40733
   4.80000     2.80000    96.74365
   4.90000     2.80000    96.55092
   5.00000     2.80000    96.97020
   0.10000     2.90000    95.92091
   0.20000     2.90000    94.31589
   0.30000     2.90000    92.31342
   0.40000     2.90000    91.03348
   0.50000     2.90000    88.91212
   0.60000     2.90000    87.60044
   0.70000     2.90000    86.36180
   0.80000     2.90000    84.93373
   0.90000     2.90000    84.31108
   1.00000     2.90000    84.27643
   1.10000     2.90000    85.41948
   1.20000     2.90000    96.59874
   1.30000     2.90000    96.48880
   1.40000     2.90000    96.59502
   1.50000     2.90000    96.75316
   1.60000     2.90000    96.61197
   1.70000     2.90000    96.40923
   1.80000     2.90000    97.08177
   1.90000     2.90000    96.67366
   2.00000     2.90000    96.24941
   2.10000     2.90000    96.95148
   2.20000     2.90000    96.57543
   2.30000     2.90000    96.70473
   2.40000     2.90000    96.67909
   2.50000     2.90000    96.33348
   2.60000     2.90000    96.57378
   2.70000     2.90000    96.35988
   2.80000     2.90000    96.39457
   2.90000     2.90000    96.32123
   3.00000     2.90000    96.65852
   3.10000     2.90000    96.97335
   3.20000     2.90000    97.51258
   3.30000     2.90000    96.88967
   3.40000     2.90000    96.10594
   3.50000     2.90000    96.60617
   3.60000     2.90000    97.10147
   3.70000     2.90000    96.95186
   3.80000     2.90000    96.54618
   3.90000     2.90000    96.97253
   4.00000     2.90000    96.68737
   4.10000     2.90000    97.41274
   4.20000     2.90000    96.78204
   4.30000     2.90000    96.41167
   4.40000     2.90000    96.66075
   4.50000     2.90000    96.46297
   4.60000     2.90000    97.07174
   4.70000     2.90000    96.48593
   4.80000     2.90000    96.48364
   4.90000     2.90000    96.32767
   5.00000     2.90000    96.28301
   0.10000     3.00000    95.68264
   0.20000     3.00000    94.29015
   0.30000     3.00000    92.54679
   0.40000     3.00000    90.66170
   0.50000     3.00000    88.52901
   0.60000     3.00000    86.98794
   0.70000     3.00000    85.77928
   0.80000     3.00000    85.04995
   0.90000     3.00000    84.30810
   1.00000     3.00000    84.32894
   1.10000     3.00000    87.59043
   1.20000     3.00000    96.76624
   1.30000     3.00000    96.64289
   1.40000     3.00000    96.32274
   1.50000     3.00000    96.98224
   1.60000     3.00000    96.33555
   1.70000     3.00000    96.91088
   1.80000     3.00000    96.72058
   1.90000     3.00000    96.97216
   2.00000     3.00000    97.11778
   2.10000     3.00000    96.98943
   2.20000     3.00000    96.79724
   2.30000     3.00000    96.57712
   2.40000     3.00000    96.69965
   2.50000     3.00000    96.78500
   2.60000     3.00000    96.60025
   2.70000     3.00000    96.31540
   2.80000     3.00000    96.57724
   2.90000     3.00000    97.00083
   3.00000     3.00000    96.89180
   3.10000     3.00000    96.98587
   3.20000     3.00000    96.76570
   3.30000     3.00000    96.68243
   3.40000     3.00000    96.31759
   3.50000     3.00000    96.77099
   3.60000     3.00000    96.59006
   3.70000     3.00000    96.34807
   3.80000     3.00000    96.74671
   3.90000     3.00000    96.47411
   4.00000     3.00000    96.52283
   4.10000     3.00000    96.99250
   4.20000     3.00000    96.95350
   4.30000     3.00000    97.30771
   4.40000     3.00000    96.85401
   4.50000     3.00000    96.64064
   4.60000     3.00000    97.07088
   4.70000     3.00000    96.81949
   4.80000     3.00000    97.21992
   4.90000     3.00000    96.77239
   5.00000     3.00000    96.62506
   0.10000     3.10000    95.40272
   0.20000     3.10000    93.99327
   0.30000     3.10000    92.38746
   0.40000     3.10000    90.47792
   0.50000     3.10000    88.22576
   0.60000     3.10000    87.16878
   0.70000     3.10000    85.62016
   0.80000     3.10000    84.88099
   0.90000     3.10000    84.19781
   1.00000     3.10000    84.29818
   1.10000     3.10000    90.47303
   1.20000     3.10000    96.86859
   1.30000     3.10000    96.63564
   1.40000     3.10000    96.98551
   1.50000     3.10000    96.74103
   1.60000     3.10000    96.49013
   1.70000     3.10000    96.68682
   1.80000     3.10000    96.59228
   1.90000     3.10000    96.61108
   2.00000     3.10000    97.28856
   2.10000     3.10000    96.61183
   2.20000     3.10000    96.65832
   2.30000     3.10000    96.70542
   2.40000     3.10000    96.86607
   2.50000     3.10000    96.95782
   2.60000     3.10000    97.04357
   2.70000     3.10000    96.76862
   2.80000     3.10000    97.13103
   2.90000     3.10000    97.26958
   3.00000     3.10000    96.45757
   3.10000     3.10000    96.47659
   3.20000     3.10000    96.78672
   3.30000     3.10000    96.52991
   3.40000     3.10000    96.48778
   3.50000     3.10000    97.01015
   3.60000     3.10000    96.87084
   3.70000     3.10000    96.54959
   3.80000     3.10000    96.49469
   3.90000     3.10000    96.56948
   4.00000     3.10000    97.00840
   4.10000     3.10000    96.39462
   4.20000     3.10000    97.23802
   4.30000     3.10000    96.63842
   4.40000     3.10000    96.85189
   4.50000     3.10000    96.86830
   4.60000     3.10000    96.80100
   4.70000     3.10000    96.53412
   4.80000     3.10000    96.96005
   4.90000     3.10000    96.21039
   5.00000     3.10000    96.65480
   0.10000     3.20000    95.22758
   0.20000     3.20000    93.70145
   0.30000     3.20000    92.43799
   0.40000     3.20000    90.50863
   0.50000     3.20000    88.42847
   0.60000     3.20000    86.73004
   0.70000     3.20000    85.56945
   0.80000     3.20000    85.01661
   0.90000     3.20000    84.18475
   1.00000     3.20000    84.85170
   1.10000     3.20000    92.73046
   1.20000     3.20000    96.81328
   1.30000     3.20000    96.92149
   1.40000     3.20000    96.76381
   1.50000     3.20000    96.63828
   1.60000     3.20000    96.52997
   1.70000     3.20000    96.64555
   1.80000     3.20000    96.73838
   1.90000     3.20000    96.33101
   2.00000     3.20000    96.87866
   2.10000     3.20000    96.89992
   2.20000     3.20000    96.79721
   2.30000     3.20000    96.59160
   2.40000     3.20000    96.51282
   2.50000     3.20000    96.69166
   2.60000     3.20000    96.76701
   2.70000     3.20000    97.39047
   2.80000     3.20000    96.77964
   2.90000     3.20000    96.94235
   3.00000     3.20000    96.78568
   3.10000     3.20000    96.87843
   3.20000     3.20000    96.30189
   3.30000     3.20000    97.30736
   3.40000     3.20000    97.33878
   3.50000     3.20000    96.71654
   3.60000     3.20000    96.48481
   3.70000     3.20000    96.63101
   3.80000     3.20000    96.61350
   3.90000     3.20000    96.91077
   4.00000     3.20000    96.94655
   4.10000     3.20000    96.76773
   4.20000     3.20000    96.96010
   4.30000     3.20000    97.35994
   4.40000     3.20000    96.64717
   4.50000     3.20000    96.56274
   4.60000     3.20000    96.47707
   4.70000     3.20000    96.57147
   4.80000     3.20000    96.51136
   4.90000     3.20000    96.77288
   5.00000     3.20000    97.01337
   0.10000     3.30000    95.38429
   0.20000     3.30000    93.88341
   0.30000     3.30000    91.93630
   0.40000     3.30000    90.64701
   0.50000     3.30000    88.32340
   0.60000     3.30000    86.44993
   0.70000     3.30000    85.79408
   0.80000     3.30000    84.73399
   0.90000     3.30000    84.07163
   1.00000     3.30000    85.11109
   1.10000     3.30000    95.81132
   1.20000     3.30000    96.90633
   1.30000     3.30000    97.40262
   1.40000     3.30000    96.83904
   1.50000     3.30000    96.56963
   1.60000     3.30000    96.54077
   1.70000     3.30000    96.41214
   1.80000     3.30000    96.51060
   1.90000     3.30000    96.55420
   2.00000     3.30000    96.77010
   2.10000     3.30000    96.88627
   2.20000     3.30000    96.85228
   2.30000     3.30000    96.77229
   2.40000     3.30000    97.05960
   2.50000     3.30000    96.60104
   2.60000     3.30000    96.58667
   2.70000     3.30000    96.73722
   2.80000     3.30000    97.15187
   2.90000     3.30000    96.67506
   3.00000     3.30000    97.03226
   3.10000     3.30000    96.36747
   3.20000     3.30000    96.89892
   3.30000     3.30000    96.73922
   3.40000     3.30000    96.98766
   3.50000     3.30000    97.14268
   3.60000     3.30000    96.62541
   3.70000     3.30000    96.46120
   3.80000     3.30000    96.17941
   3.90000     3.30000    96.34570
   4.00000     3.30000    96.64571
   4.10000     3.30000    96.55407
   4.20000     3.30000    96.78853
   4.30000     3.30000    96.39977
   4.40000     3.30000    96.89175
   4.50000     3.30000    96.61572
   4.60000     3.30000    96.80074
   4.70000     3.30000    97.00645
   4.80000     3.30000    96.78044
   4.90000     3.30000    96.53572
   5.00000     3.30000    96.95852
   0.10000     3.40000    95.16592
   0.20000     3.40000    94.27139
   0.30000     3.40000    92.33620
   0.40000     3.40000    90.03372
   0.50000     3.40000    88.36303
   0.60000     3.40000    86.59198
   0.70000     3.40000    85.36405
   0.80000     3.40000    84.52566
   0.90000     3.40000    84.22130
   1.00000     3.40000    87.20813
   1.10000     3.40000    98.40119
   1.20000     3.40000    97.18323
   1.30000     3.40000    96.53804
   1.40000     3.40000    96.69756
   1.50000     3.40000    96.84089
   1.60000     3.40000    96.68275
   1.70000     3.40000    96.65776
   1.80000     3.40000    96.91809
   1.90000     3.40000    96.56242
   2.00000     3.40000    96.41364
   2.10000     3.40000    96.81479
   2.20000     3.40000    96.91960
   2.30000     3.40000    96.99297
   2.40000     3.40000    96.50129
   2.50000     3.40000    96.95792
   2.60000     3.40000    96.88259
   2.70000     3.40000    96.92247
   2.80000     3.40000    96.56131
   2.90000     3.40000    96.52273
   3.00000     3.40000    96.85132
   3.10000     3.40000    96.48113
   3.20000     3.40000    96.41983
   3.30000     3.40000    96.73371
   3.40000     3.40000    96.63050
   3.50000     3.40000    96.73109
   3.60000     3.40000    96.61989
   3.70000     3.40000    96.93072
   3.80000     3.40000    96.90977
   3.90000     3.40000    96.50748
   4.00000     3.40000    96.53616
   4.10000     3.40000    96.75667
   4.20000     3.40000    97.22182
   4.30000     3.40000    96.89134
   4.40000     3.40000    96.28943
   4.50000     3.40000    96.83737
   4.60000     3.40000    96.65197
   4.70000     3.40000    96.45526
   4.80000     3.40000    97.05181
   4.90000     3.40000    96.96454
   5.00000     3.40000    96.91249
   0.10000     3.50000    95.55685
   0.20000     3.50000    93.79039
   0.30000     3.50000    92.08024
   0.40000     3.50000    90.07776
   0.50000     3.50000    87.71764
   0.60000     3.50000    86.17940
   0.70000     3.50000    85.33204
   0.80000     3.50000    84.41416
   0.90000     3.50000    84.29181
   1.00000     3.50000    88.63007
   1.10000     3.50000   100.03941
   1.20000     3.50000    96.90118
   1.30000     3.50000    96.90658
   1.40000     3.50000    97.11404
   1.50000     3.50000    96.52079
   1.60000     3.50000    96.51931
   1.70000     3.50000    96.81275
   1.80000     3.50000    96.91570
   1.90000     3.50000    96.29691
   2.00000     3.50000    96.82070
   2.10000     3.50000    97.28047
   2.20000     3.50000    96.80202
   2.30000     3.50000    96.96585
   2.40000     3.50000    96.48587
   2.50000     3.50000    96.62097
   2.60000     3.50000    96.95352
   2.70000     3.50000    96.72147
   2.80000     3.50000    96.99683
   2.90000     3.50000    96.64131
   3.00000     3.50000    96.66172
   3.10000     3.50000    96.54897
   3.20000     3.50000    97.01225
   3.30000     3.50000    96.56589
   3.40000     3.50000    96.72746
   3.50000     3.50000    97.17965
   3.60000     3.50000    97.02925
   3.70000     3.50000    96.94971
   3.80000     3.50000    96.67639
   3.90000     3.50000    96.70160
   4.00000     3.50000    96.77942
   4.10000     3.50000    97.16140
   4.20000     3.50000    97.14693
   4.30000     3.50000    96.63709
   4.40000     3.50000    96.72186
   4.50000     3.50000    96.34040
   4.60000     3.50000    96.94445
   4.70000     3.50000    96.57482
   4.80000     3.50000    96.64707
   4.90000     3.50000    96.83359
   5.00000     3.50000    96.95010
   0.10000     3.60000    95.31597
   0.20000     3.60000    94.26301
   0.30000     3.60000    92.19449
   0.40000     3.60000    89.13862
   0.50000     3.60000    87.66603
   0.60000     3.60000    86.27517
   0.70000     3.60000    85.26364
   0.80000     3.60000    84.59805
   0.90000     3.60000    84.57668
   1.00000     3.60000    91.36041
   1.10000     3.60000   101.45020
   1.20000     3.60000    97.36181
   1.30000     3.60000    96.85824
   1.40000     3.60000    96.85253
   1.50000     3.60000    97.20543
   1.60000     3.60000    96.64815
   1.70000     3.60000    96.68747
   1.80000     3.60000    96.33963
   1.90000     3.60000    96.49047
   2.00000     3.60000    96.48517
   2.10000     3.60000    96.87342
   2.20000     3.60000    96.56637
   2.30000     3.60000    96.75302
   2.40000     3.60000    96.89666
   2.50000     3.60000    96.79578
   2.60000     3.60000    96.51862
   2.70000     3.60000    96.80372
   2.80000     3.60000    96.72008
   2.90000     3.60000    96.85531
   3.00000     3.60000    96.70160
   3.10000     3.60000    96.86125
   3.20000     3.60000    96.82333
   3.30000     3.60000    96.70365
   3.40000     3.60000    96.84542
   3.50000     3.60000    96.90967
   3.60000     3.60000    97.03279
   3.70000     3.60000    96.66394
   3.80000     3.60000    96.70077
   3.90000     3.60000    97.11008
   4.00000     3.60000    96.64492
   4.10000     3.60000    97.05437
   4.20000     3.60000    96.77645
   4.30000     3.60000    96.79907
   4.40000     3.60000    97.07595
   4.50000     3.60000    96.69354
   4.60000     3.60000    96.72650
   4.70000     3.60000    96.61657
   4.80000     3.60000    96.85832
   4.90000     3.60000    96.56363
   5.00000     3.60000    96.81272
   0.10000     3.70000    95.52769
   0.20000     3.70000    93.53739
   0.30000     3.70000    92.01066
   0.40000     3.70000    89.88773
   0.50000     3.70000    87.68879
   0.60000     3.70000    85.87129
   0.70000     3.70000    84.66439
   0.80000     3.70000    84.47614
   0.90000     3.70000    84.72435
   1.00000     3.70000    93.74655
   1.10000     3.70000   101.82628
   1.20000     3.70000    96.73285
   1.30000     3.70000    96.63373
   1.40000     3.70000    96.91897
   1.50000     3.70000    96.66738
   1.60000     3.70000    96.87115
   1.70000     3.70000    96.35885
   1.80000     3.70000    96.67908
   1.90000     3.70000    96.66264
   2.00000     3.70000    96.71685
   2.10000     3.70000    96.97492
   2.20000     3.70000    96.69709
   2.30000     3.70000    96.70214
   2.40000     3.70000    96.60808
   2.50000     3.70000    96.81135
   2.60000     3.70000    96.50137
   2.70000     3.70000    96.70324
   2.80000     3.70000    96.75249
   2.90000     3.70000    97.23602
   3.00000     3.70000    96.66644
   3.10000     3.70000    96.81458
   3.20000     3.70000    96.91618
   3.30000     3.70000    96.59907
   3.40000     3.70000    96.64638
   3.50000     3.70000    97.09224
   3.60000     3.70000    96.93894
   3.70000     3.70000    96.79078
   3.80000     3.70000    96.81482
   3.90000     3.70000    96.87414
   4.00000     3.70000    97.17896
   4.10000     3.70000    96.83642
   4.20000     3.70000    96.70017
   4.30000     3.70000    96.71360
   4.40000     3.70000    97.10096
   4.50000     3.70000    96.91352
   4.60000     3.70000    96.40818
   4.70000     3.70000    97.26475
   4.80000     3.70000    96.95223
   4.90000     3.70000    96.38435
   5.00000     3.70000    96.97889
   0.10000     3.80000    95.39043
   0.20000     3.80000    94.41548
   0.30000     3.80000    91.34419
   0.40000     3.80000    89.48354
   0.50000     3.80000    87.55752
   0.60000     3.80000    86.16305
   0.70000     3.80000    84.98308
   0.80000     3.80000    84.15727
   0.90000     3.80000    84.87800
   1.00000     3.80000    95.72433
   1.10000     3.80000   102.37869
   1.20000     3.80000    96.59089
   1.30000     3.80000    96.21936
   1.40000     3.80000    96.38449
   1.50000     3.80000    96.80368
   1.60000     3.80000    97.11550
   1.70000     3.80000    96.81535
   1.80000     3.80000    96.13889
   1.90000     3.80000    96.96719
   2.00000     3.80000    96.78273
   2.10000     3.80000    96.51948
   2.20000     3.80000    96.95550
   2.30000     3.80000    96.90242
   2.40000     3.80000    96.95273
   2.50000     3.80000    96.39221
   2.60000     3.80000    96.50770
   2.70000     3.80000    96.82150
   2.80000     3.80000    97.04723
   2.90000     3.80000    96.33976
   3.00000     3.80000    96.96023
   3.10000     3.80000    97.06854
   3.20000     3.80000    96.55309
   3.30000     3.80000    96.35764
   3.40000     3.80000    96.61288
   3.50000     3.80000    96.64836
   3.60000     3.80000    97.03321
   3.70000     3.80000    96.74572
   3.80000     3.80000    96.65948
   3.90000     3.80000    96.83675
   4.00000     3.80000    96.46567
   4.10000     3.80000    96.91087
   4.20000     3.80000    96.62168
   4.30000     3.80000    97.31094
   4.40000     3.80000    96.61759
   4.50000     3.80000    96.56374
   4.60000     3.80000    96.96588
   4.70000     3.80000    96.95240
   4.80000     3.80000    97.15644
   4.90000     3.80000    96.94178
   5.00000     3.80000    96.99758
   0.10000     3.90000    95.29672
   0.20000     3.90000    93.63497
   0.30000     3.90000    91.67785
   0.40000     3.90000    89.46631
   0.50000     3.90000    87.26066
   0.60000     3.90000    85.92366
   0.70000     3.90000    84.88711
   0.80000     3.90000    84.10091
   0.90000     3.90000    85.41021
   1.00000     3.90000    98.95307
   1.10000     3.90000   102.43087
   1.20000     3.90000    96.74428
   1.30000     3.90000    96.58221
   1.40000     3.90000    96.83424
   1.50000     3.90000    96.47641
   1.60000     3.90000    96.91907
   1.70000     3.90000    96.83961
   1.80000     3.90000    97.14996
   1.90000     3.90000    96.55541
   2.00000     3.90000    97.05142
   2.10000     3.90000    96.70485
   2.20000     3.90000    96.46167
   2.30000     3.90000    96.76912
   2.40000     3.90000    96.75418
   2.50000     3.90000    96.52313
   2.60000     3.90000    96.55072
   2.70000     3.90000    96.88805
   2.80000     3.90000    96.87902
   2.90000     3.90000    96.47163
   3.00000     3.90000    96.63359
   3.10000     3.90000    96.93963
   3.20000     3.90000    96.58570
   3.30000     3.90000    96.75352
   3.40000     3.90000    96.72622
   3.50000     3.90000    96.94199
   3.60000     3.90000    96.62536
   3.70000     3.90000    97.04930
   3.80000     3.90000    96.93499
   3.90000     3.90000    96.71110
   4.00000     3.90000    96.54649
   4.10000     3.90000    96.84437
   4.20000     3.90000    96.68219
   4.30000     3.90000    96.38245
   4.40000     3.90000    97.25450
   4.50000     3.90000    96.47115
   4.60000     3.90000    96.43363
   4.70000     3.90000    96.77045
   4.80000     3.90000    97.22592
   4.90000     3.90000    96.82567
   5.00000     3.90000    96.89764
   0.10000     4.00000    95.27598
   0.20000     4.00000    93.77868
   0.30000     4.00000    91.50144
   0.40000     4.00000    89.26258
   0.50000     4.00000    86.80251
   0.60000     4.00000    85.61291
   0.70000     4.00000    84.59651
   0.80000     4.00000    84.46914
   0.90000     4.00000    87.31381
   1.00000     4.00000   100.37186
   1.10000     4.00000    96.47970
   1.20000     4.00000    96.64252
   1.30000     4.00000    97.19883
   1.40000     4.00000    97.22665
   1.50000     4.00000    96.70249
   1.60000     4.00000    96.25428
   1.70000     4.00000    96.67064
   1.80000     4.00000    96.85446
   1.90000     4.00000    96.65008
   2.00000     4.00000    96.75791
   2.10000     4.00000    96.79268
   2.20000     4.00000    96.76504
   2.30000     4.00000    97.04480
   2.40000     4.00000    96.87835
   2.50000     4.00000    96.25236
   2.60000     4.00000    96.99714
   2.70000     4.00000    96.96428
   2.80000     4.00000    96.79433
   2.90000     4.00000    97.08243
   3.00000     4.00000    96.56539
   3.10000     4.00000    96.69340
   3.20000     4.00000    96.51184
   3.30000     4.00000    96.74606
   3.40000     4.00000    96.48576
   3.50000     4.00000    96.84223
   3.60000     4.00000    96.88762
   3.70000     4.00000    96.65429
   3.80000     4.00000    97.12851
   3.90000     4.00000    96.58955
   4.00000     4.00000    96.75328
   4.10000     4.00000    96.65117
   4.20000     4.00000    96.89025
   4.30000     4.00000    97.03788
   4.40000     4.00000    96.73985
   4.50000     4.00000    96.83033
   4.60000     4.00000    96.43591
   4.70000     4.00000    96.96040
   4.80000     4.00000    96.89086
   4.90000     4.00000    96.61149
   5.00000     4.00000    96.88211
   0.10000     4.10000    95.03490
   0.20000     4.10000    93.45438
   0.30000     4.10000    91.53723
   0.40000     4.10000    89.25720
   0.50000     4.10000    86.78085
   0.60000     4.10000    85.52472
   0.70000     4.10000    84.55417
   0.80000     4.10000    84.35248
   0.90000     4.10000    89.56303
   1.00000     4.10000   100.77189
   1.10000     4.10000    97.14302
   1.20000     4.10000    96.68176
   1.30000     4.10000    96.84759
   1.40000     4.10000    96.77571
   1.50000     4.10000    96.36600
   1.60000     4.10000    96.67072
   1.70000     4.10000    97.09785
   1.80000     4.10000    96.56436
   1.90000     4.10000    96.65141
   2.00000     4.10000    96.90231
   2.10000     4.10000    96.35144
   2.20000     4.10000    96.67562
   2.30000     4.10000    96.54980
   2.40000     4.10000    96.90847
   2.50000     4.10000    96.76141
   2.60000     4.10000    97.28599
   2.70000     4.10000    96.90618
   2.80000     4.10000    96.52290
   2.90000     4.10000    96.97776
   3.00000     4.10000    96.64846
   3.10000     4.10000    96.41781
   3.20000     4.10000    97.01703
   3.30000     4.10000    96.97910
   3.40000     4.10000    96.77668
   3.50000     4.10000    96.71723
   3.60000     4.10000    97.06326
   3.70000     4.10000    96.64774
   3.80000     4.10000    97.03085
   3.90000     4.10000    97.07942
   4.00000     4.10000    96.89204
   4.10000     4.10000    96.70473
   4.20000     4.10000    96.92423
   4.30000     4.10000    96.85018
   4.40000     4.10000    96.63050
   4.50000     4.10000    97.03433
   4.60000     4.10000    96.63080
   4.70000     4.10000    96.75108
   4.80000     4.10000    96.97763
   4.90000     4.10000    96.71104
   5.00000     4.10000    96.92633
   0.10000     4.20000    94.67831
   0.20000     4.20000    93.13547
   0.30000     4.20000    90.91553
   0.40000     4.20000    88.64788
   0.50000     4.20000    86.80989
   0.60000     4.20000    85.30195
   0.70000     4.20000    84.78428
   0.80000     4.20000    84.39067
   0.90000     4.20000    91.61409
   1.00000     4.20000   101.87473
   1.10000     4.20000    96.28637
   1.20000     4.20000    96.87988
   1.30000     4.20000    96.67985
   1.40000     4.20000    96.50637
   1.50000     4.20000    96.62425
   1.60000     4.20000    96.54626
   1.70000     4.20000    96.82361
   1.80000     4.20000    96.85173
   1.90000     4.20000    96.82725
   2.00000     4.20000    97.02915
   2.10000     4.20000    96.98009
   2.20000     4.20000    96.98021
   2.30000     4.20000    96.91184
   2.40000     4.20000    96.69318
   2.50000     4.20000    96.31378
   2.60000     4.20000    96.77385
   2.70000     4.20000    96.48246
   2.80000     4.20000    96.82739
   2.90000     4.20000    96.84156
   3.00000     4.20000    96.74300
   3.10000     4.20000    97.01512
   3.20000     4.20000    96.84814
   3.30000     4.20000    96.52333
   3.40000     4.20000    96.79958
   3.50000     4.20000    96.82792
   3.60000     4.20000    97.19958
   3.70000     4.20000    96.49669
   3.80000     4.20000    96.60982
   3.90000     4.20000    96.30797
   4.00000     4.20000    96.67989
   4.10000     4.20000    96.91789
   4.20000     4.20000    96.73592
   4.30000     4.20000    96.27622
   4.40000     4.20000    96.91217
   4.50000     4.20000    96.44246
   4.60000     4.20000    96.99314
   4.70000     4.20000    96.80301
   4.80000     4.20000    97.05139
   4.90000     4.20000    96.80663
   5.00000     4.20000    97.20919
   0.10000     4.30000    95.51014
   0.20000     4.30000    93.35108
   0.30000     4.30000    91.41897
   0.40000     4.30000    88.38683
   0.50000     4.30000    86.51825
   0.60000     4.30000    85.35844
   0.70000     4.30000    84.39749
   0.80000     4.30000    84.58552
   0.90000     4.30000    93.91108
   1.00000     4.30000   101.57285
   1.10000     4.30000    96.56441
   1.20000     4.30000    96.67211
   1.30000     4.30000    96.70914
   1.40000     4.30000    96.74742
   1.50000     4.30000    96.77670
   1.60000     4.30000    96.89402
   1.70000     4.30000    96.33375
   1.80000     4.30000    97.29987
   1.90000     4.30000    97.22301
   2.00000     4.30000    96.88504
   2.10000     4.30000    96.99235
   2.20000     4.30000    96.75774
   2.30000     4.30000    96.78730
   2.40000     4.30000    96.29857
   2.50000     4.30000    97.00484
   2.60000     4.30000    96.28433
   2.70000     4.30000    96.77256
   2.80000     4.30000    96.84434
   2.90000     4.30000    96.44691
   3.00000     4.30000    96.36244
   3.10000     4.30000    96.84187
   3.20000     4.30000    96.74244
   3.30000     4.30000    96.65881
   3.40000     4.30000    96.64765
   3.50000     4.30000    96.56112
   3.60000     4.30000    97.19820
   3.70000     4.30000    96.50993
   3.80000     4.30000    96.54329
   3.90000     4.30000    97.18520
   4.00000     4.30000    96.93852
   4.10000     4.30000    96.98817
   4.20000     4.30000    97.14655
   4.30000     4.30000    96.65569
   4.40000     4.30000    96.60553
   4.50000     4.30000    97.09954
   4.60000     4.30000    96.72185
   4.70000     4.30000    96.69430
   4.80000     4.30000    97.09342
   4.90000     4.30000    96.60433
   5.00000     4.30000    96.44504
   0.10000     4.40000    95.07485
   0.20000     4.40000    92.81929
   0.30000     4.40000    90.56403
   0.40000     4.40000    88.42530
   0.50000     4.40000    86.60973
   0.60000     4.40000    85.10392
   0.70000     4.40000    84.54101
   0.80000     4.40000    84.44932
   0.90000     4.40000    95.80086
   1.00000     4.40000   101.90242
   1.10000     4.40000    96.77357
   1.20000     4.40000    96.46094
   1.30000     4.40000    97.10582
   1.40000     4.40000    96.69905
   1.50000     4.40000    96.89117
   1.60000     4.40000    96.63769
   1.70000     4.40000    97.07816
   1.80000     4.40000    96.79696
   1.90000     4.40000    97.01062
   2.00000     4.40000    96.47097
   2.10000     4.40000    96.55362
   2.20000     4.40000    96.96319
   2.30000     4.40000    96.51762
   2.40000     4.40000    96.63083
   2.50000     4.40000    96.84808
   2.60000     4.40000    96.63922
   2.70000     4.40000    97.06411
   2.80000     4.40000    97.10250
   2.90000     4.40000    96.71360
   3.00000     4.40000    96.67817
   3.10000     4.40000    97.03590
   3.20000     4.40000    96.80694
   3.30000     4.40000    96.23724
   3.40000     4.40000    96.71648
   3.50000     4.40000    97.09286
   3.60000     4.40000    96.94650
   3.70000     4.40000    96.95821
   3.80000     4.40000    96.62318
   3.90000     4.40000    96.99121
   4.00000     4.40000    96.32287
   4.10000     4.40000    96.69427
   4.20000     4.40000    96.18193
   4.30000     4.40000    96.64507
   4.40000     4.40000    96.98531
   4.50000     4.40000    96.89147
   4.60000     4.40000    96.36552
   4.70000     4.40000    96.59251
   4.80000     4.40000    97.16925
   4.90000     4.40000    96.68734
   5.00000     4.40000    96.96732
   0.10000     4.50000    95.51792
   0.20000     4.50000    93.27840
   0.30000     4.50000    90.84599
   0.40000     4.50000    88.34749
   0.50000     4.50000    86.48689
   0.60000     4.50000    85.01687
   0.70000     4.50000    84.36997
   0.80000     4.50000    84.74943
   0.90000     4.50000    97.51028
   1.00000     4.50000   102.49048
   1.10000     4.50000    96.44909
   1.20000     4.50000    96.89534
   1.30000     4.50000    96.54815
   1.40000     4.50000    96.71652
   1.50000     4.50000    96.94166
   1.60000     4.50000    96.80740
   1.70000     4.50000    96.82106
   1.80000     4.50000    96.70067
   1.90000     4.50000    96.67522
   2.00000     4.50000    97.03359
   2.10000     4.50000    96.88762
   2.20000     4.50000    96.34291
   2.30000     4.50000    96.94278
   2.40000     4.50000    96.64067
   2.50000     4.50000    96.87627
   2.60000     4.50000    96.92808
   2.70000     4.50000    96.64282
   2.80000     4.50000    96.70031
   2.90000     4.50000    96.34216
   3.00000     4.50000    96.38475
   3.10000     4.50000    97.00912
   3.20000     4.50000    96.94029
   3.30000     4.50000    97.18774
   3.40000     4.50000    96.54077
   3.50000     4.50000    96.71986
   3.60000     4.50000    97.02760
   3.70000     4.50000    96.69811
   3.80000     4.50000    96.71543
   3.90000     4.50000    96.25654
   4.00000     4.50000    97.01736
   4.10000     4.50000    96.69307
   4.20000     4.50000    96.95127
   4.30000     4.50000    95.94095
   4.40000     4.50000    96.92290
   4.50000     4.50000    96.61370
   4.60000     4.50000    96.60694
   4.70000     4.50000    96.63005
   4.80000     4.50000    97.10081
   4.90000     4.50000    96.58851
   5.00000     4.50000    96.69065
   0.10000     4.60000    94.97139
   0.20000     4.60000    93.01619
   0.30000     4.60000    90.40569
   0.40000     4.60000    88.32728
   0.50000     4.60000    86.51188
   0.60000     4.60000    84.84641
   0.70000     4.60000    84.19854
   0.80000     4.60000    85.05829
   0.90000     4.60000    99.10565
   1.00000     4.60000   102.37216
   1.10000     4.60000    96.63427
   1.20000     4.60000    96.70146
   1.30000     4.60000    97.16646
   1.40000     4.60000    97.08330
   1.50000     4.60000    97.17175
   1.60000     4.60000    96.89947
   1.70000     4.60000    97.03940
   1.80000     4.60000    97.46215
   1.90000     4.60000    96.98529
   2.00000     4.60000    96.82754
   2.10000     4.60000    96.45105
   2.20000     4.60000    97.24110
   2.30000     4.60000    96.78494
   2.40000     4.60000    97.42387
   2.50000     4.60000    96.88357
   2.60000     4.60000    96.68176
   2.70000     4.60000    96.84655
   2.80000     4.60000    96.69342
   2.90000     4.60000    96.86499
   3.00000     4.60000    96.73554
   3.10000     4.60000    96.57765
   3.20000     4.60000    96.44009
   3.30000     4.60000    96.71772
   3.40000     4.60000    96.82563
   3.50000     4.60000    97.07953
   3.60000     4.60000    97.00316
   3.70000     4.60000    97.43809
   3.80000     4.60000    96.26883
   3.90000     4.60000    97.06585
   4.00000     4.60000    97.04954
   4.10000     4.60000    96.77997
   4.20000     4.60000    96.69894
   4.30000     4.60000    96.66801
   4.40000     4.60000    96.59580
   4.50000     4.60000    96.36529
   4.60000     4.60000    97.24941
   4.70000     4.60000    97.10417
   4.80000     4.60000    97.28214
   4.90000     4.60000    96.31542
   5.00000     4.60000    96.98386
   0.10000     4.70000    95.53080
   0.20000     4.70000    93.41157
   0.30000     4.70000    90.75562
   0.40000     4.70000    88.12426
   0.50000     4.70000    86.30990
   0.60000     4.70000    84.96279
   0.70000     4.70000    83.87456
   0.80000     4.70000    86.28781
   0.90000     4.70000   100.40751
   1.00000     4.70000   102.92043
   1.10000     4.70000    96.75434
   1.20000     4.70000    97.26934
   1.30000     4.70000    96.65120
   1.40000     4.70000    97.03489
   1.50000     4.70000    96.95936
   1.60000     4.70000    96.87066
   1.70000     4.70000    97.40209
   1.80000     4.70000    96.74416
   1.90000     4.70000    97.18589
   2.00000     4.70000    96.98569
   2.10000     4.70000    97.03954
   2.20000     4.70000    96.27445
   2.30000     4.70000    96.53995
   2.40000     4.70000    96.59852
   2.50000     4.70000    96.61023
   2.60000     4.70000    96.81235
   2.70000     4.70000    96.93754
   2.80000     4.70000    96.50436
   2.90000     4.70000    96.72816
   3.00000     4.70000    96.83200
   3.10000     4.70000    96.92739
   3.20000     4.70000    96.89343
   3.30000     4.70000    95.94819
   3.40000     4.70000    96.41114
   3.50000     4.70000    96.79747
   3.60000     4.70000    96.90679
   3.70000     4.70000    96.56057
   3.80000     4.70000    96.59636
   3.90000     4.70000    97.11562
   4.00000     4.70000    96.58607
   4.10000     4.70000    96.51905
   4.20000     4.70000    96.76802
   4.30000     4.70000    96.82802
   4.40000     4.70000    96.84326
   4.50000     4.70000    96.56196
   4.60000     4.70000    97.20670
   4.70000     4.70000    96.93058
   4.80000     4.70000    96.57613
   4.90000     4.70000    96.80010
   5.00000     4.70000    96.76805
   0.10000     4.80000    94.94006
   0.20000     4.80000    93.19268
   0.30000     4.80000    91.15821
   0.40000     4.80000    88.39963
   0.50000     4.80000    85.83305
   0.60000     4.80000    84.79490
   0.70000     4.80000    84.19082
   0.80000     4.80000    88.08801
   0.90000     4.80000   100.94238
   1.00000     4.80000   103.07208
   1.10000     4.80000    96.57191
   1.20000     4.80000    97.03056
   1.30000     4.80000    96.72286
   1.40000     4.80000    96.71451
   1.50000     4.80000    96.43760
   1.60000     4.80000    97.26938
   1.70000     4.80000    96.57183
   1.80000     4.80000    96.19462
   1.90000     4.80000    96.71775
   2.00000     4.80000    96.47286
   2.10000     4.80000    96.64265
   2.20000     4.80000    96.94961
   2.30000     4.80000    97.14646
   2.40000     4.80000    96.43943
   2.50000     4.80000    96.71290
   2.60000     4.80000    96.86312
   2.70000     4.80000    96.87514
   2.80000     4.80000    97.05941
   2.90000     4.80000    96.67472
   3.00000     4.80000    96.77997
   3.10000     4.80000    97.27682
   3.20000     4.80000    96.60223
   3.30000     4.80000    96.70895
   3.40000     4.80000    96.66918
   3.50000     4.80000    96.83198
   3.60000     4.80000    97.18795
   3.70000     4.80000    96.65752
   3.80000     4.80000    97.12500
   3.90000     4.80000    96.78804
   4.00000     4.80000    97.16294
   4.10000     4.80000    96.53780
   4.20000     4.80000    96.94309
   4.30000     4.80000    96.83990
   4.40000     4.80000    96.85885
   4.50000     4.80000    96.90421
   4.60000     4.80000    96.34585
   4.70000     4.80000    96.50255
   4.80000     4.80000    96.64239
   4.90000     4.80000    96.72910
   5.00000     4.80000    96.49448
   0.10000     4.90000    94.91768
   0.20000     4.90000    92.82268
   0.30000     4.90000    90.48589
   0.40000     4.90000    87.84161
   0.50000     4.90000    85.98045
   0.60000     4.90000    84.79963
   0.70000     4.90000    84.27356
   0.80000     4.90000    90.30262
   0.90000     4.90000   101.32821
   1.00000     4.90000   102.83374
   1.10000     4.90000    97.05257
   1.20000     4.90000    96.43251
   1.30000     4.90000    96.91732
   1.40000     4.90000    97.00331
   1.50000     4.90000    96.92216
   1.60000     4.90000    97.18220
   1.70000     4.90000    97.43855
   1.80000     4.90000    97.02065
   1.90000     4.90000    96.46426
   2.00000     4.90000    96.50714
   2.10000     4.90000    96.52449
   2.20000     4.90000    96.91743
   2.30000     4.90000    96.56903
   2.40000     4.90000    97.03184
   2.50000     4.90000    97.24883
   2.60000     4.90000    96.73533
   2.70000     4.90000    96.49381
   2.80000     4.90000    96.83387
   2.90000     4.90000    97.29265
   3.00000     4.90000    96.74908
   3.10000     4.90000    96.98211
   3.20000     4.90000    96.82691
   3.30000     4.90000    96.51320
   3.40000     4.90000    96.50571
   3.50000     4.90000    96.62847
   3.60000     4.90000    96.44721
   3.70000     4.90000    96.84380
   3.80000     4.90000    96.63590
   3.90000     4.90000    96.75568
   4.00000     4.90000    96.70716
   4.10000     4.90000    96.67076
   4.20000     4.90000    96.46025
   4.30000     4.90000    96.73800
   4.40000     4.90000    96.34442
   4.50000     4.90000    96.82065
   4.60000     4.90000    96.97830
   4.70000     4.90000    96.68534
   4.80000     4.90000    96.84029
   4.90000     4.90000    96.79536
   5.00000     4.90000    96.74847
   0.10000     5.00000    95.04370
   0.20000     5.00000    92.65159
   0.30000     5.00000    89.95244
   0.40000     5.00000    87.52254
   0.50000     5.00000    85.58133
   0.60000     5.00000    84.86597
   0.70000     5.00000    84.51483
   0.80000     5.00000    91.74412
   0.90000     5.00000   101.63602
   1.00000     5.00000   102.96088
   1.10000     5.00000    96.73994
   1.20000     5.00000    96.84416
   1.30000     5.00000    96.95693
   1.40000     5.00000    96.75300
   1.50000     5.00000    96.68950
   1.60000     5.00000    96.49170
   1.70000     5.00000    96.46591
   1.80000     5.00000    96.41467
   1.90000     5.00000    96.76793
   2.00000     5.00000    97.45846
   2.10000     5.00000    97.00961
   2.20000     5.00000    97.09926
   2.30000     5.00000    96.66461
   2.40000     5.00000    96.66377
   2.50000     5.00000    97.06237
   2.60000     5.00000    96.64635
   2.70000     5.00000    96.66452
   2.80000     5.00000    97.16976
   2.90000     5.00000    97.06687
   3.00000     5.00000    96.39222
   3.10000     5.00000    96.29527
   3.20000     5.00000    96.51235
   3.30000     5.00000    96.78770
   3.40000     5.00000    96.73672
   3.50000     5.00000    96.47737
   3.60000     5.00000    97.09719
   3.70000     5.00000    97.45893
   3.80000     5.00000    96.68300
   3.90000     5.00000    96.65581
   4.00000     5.00000    96.63448
   4.10000     5.00000    96.30173
   4.20000     5.00000    96.43138
   4.30000     5.00000    96.78327
   4.40000     5.00000    97.06839
   4.50000     5.00000    96.44546
   4.60000     5.00000    96.54531
   4.70000     5.00000    96.75851
   4.80000     5.00000    96.81603
   4.90000     5.00000    96.49021
   5.00000     5.00000    96.92719
