#     r         beta        Ep   
   0.10000     0.10000   111.32456
   0.20000     0.10000   111.34069
   0.30000     0.10000   111.31720
   0.40000     0.10000   111.29154
   0.50000     0.10000   111.31677
   0.60000     0.10000   111.30407
   0.70000     0.10000   111.35133
   0.80000     0.10000   111.34606
   0.90000     0.10000   111.34392
   1.00000     0.10000   111.29739
   1.10000     0.10000   111.34010
   1.20000     0.10000   111.32968
   1.30000     0.10000   111.29335
   1.40000     0.10000   111.33021
   1.50000     0.10000   111.31128
   1.60000     0.10000   111.32909
   1.70000     0.10000   111.30225
   1.80000     0.10000   111.31586
   1.90000     0.10000   111.32644
   2.00000     0.10000   111.35441
   2.10000     0.10000   111.33245
   2.20000     0.10000   111.31309
   2.30000     0.10000   111.33906
   2.40000     0.10000   111.32593
   2.50000     0.10000   111.31169
   2.60000     0.10000   111.28290
   2.70000     0.10000   111.34970
   2.80000     0.10000   111.35000
   2.90000     0.10000   111.31312
   3.00000     0.10000   111.32600
   3.10000     0.10000   111.29489
   3.20000     0.10000   111.33365
   3.30000     0.10000   111.31592
   3.40000     0.10000   111.34183
   3.50000     0.10000   111.32230
   3.60000     0.10000   111.33890
   3.70000     0.10000   111.32771
   3.80000     0.10000   111.32366
   3.90000     0.10000   111.33267
   4.00000     0.10000   111.32790
   4.10000     0.10000   111.35173
   4.20000     0.10000   111.29174
   4.30000     0.10000   111.33771
   4.40000     0.10000   111.29705
   4.50000     0.10000   111.31167
   4.60000     0.10000   111.31637
   4.70000     0.10000   111.34016
   4.80000     0.10000   111.30155
   4.90000     0.10000   111.33373
   5.00000     0.10000   111.33831
   0.10000     0.20000   111.29924
   0.20000     0.20000   111.30401
   0.30000     0.20000   111.30600
   0.40000     0.20000   111.31058
   0.50000     0.20000   111.32439
   0.60000     0.20000   111.32138
   0.70000     0.20000   111.33140
   0.80000     0.20000   111.31571
   0.90000     0.20000   111.28841
   1.00000     0.20000   111.32518
   1.10000     0.20000   111.33186
   1.20000     0.20000   111.35023
   1.30000     0.20000   111.33719
   1.40000     0.20000   111.29445
   1.50000     0.20000   111.34334
   1.60000     0.20000   111.34573
   1.70000     0.20000   111.34149
   1.80000     0.20000   111.32281
   1.90000     0.20000   111.34733
   2.00000     0.20000   111.30302
   2.10000     0.20000   111.31299
   2.20000     0.20000   111.31432
   2.30000     0.20000   111.34949
   2.40000     0.20000   111.33802
   2.50000     0.20000   111.33326
   2.60000     0.20000   111.31484
   2.70000     0.20000   111.31979
   2.80000     0.20000   111.32562
   2.90000     0.20000   111.33713
   3.00000     0.20000   111.32480
   3.10000     0.20000   111.33073
   3.20000     0.20000   111.35261
   3.30000     0.20000   111.31014
   3.40000     0.20000   111.31472
   3.50000     0.20000   111.32681
   3.60000     0.20000   111.28940
   3.70000     0.20000   111.32357
   3.80000     0.20000   111.29516
   3.90000     0.20000   111.33302
   4.00000     0.20000   111.34604
   4.10000     0.20000   111.30163
   4.20000     0.20000   111.30520
   4.30000     0.20000   111.30638
   4.40000     0.20000   111.30874
   4.50000     0.20000   111.33719
   4.60000     0.20000   111.32205
   4.70000     0.20000   111.33671
   4.80000     0.20000   111.35646
   4.90000     0.20000   111.30643
   5.00000     0.20000   111.32648
   0.10000     0.30000   111.30650
   0.20000     0.30000   111.31043
   0.30000     0.30000   111.27816
   0.40000     0.30000   111.28587
   0.50000     0.30000   111.33659
   0.60000     0.30000   111.31946
   0.70000     0.30000   111.29815
   0.80000     0.30000   111.31814
   0.90000     0.30000   111.28871
   1.00000     0.30000   111.32241
   1.10000     0.30000   111.35093
   1.20000     0.30000   111.33304
   1.30000     0.30000   111.29193
   1.40000     0.30000   111.30108
   1.50000     0.30000   111.33391
   1.60000     0.30000   111.30310
   1.70000     0.30000   111.33064
   1.80000     0.30000   111.31349
   1.90000     0.30000   111.33116
   2.00000     0.30000   111.32000
   2.10000     0.30000   111.31947
   2.20000     0.30000   111.32091
   2.30000     0.30000   111.33762
   2.40000     0.30000   111.32279
   2.50000     0.30000   111.34013
   2.60000     0.30000   111.33802
   2.70000     0.30000   111.33160
   2.80000     0.30000   111.33737
   2.90000     0.30000   111.32408
   3.00000     0.30000   111.30316
   3.10000     0.30000   111.32896
   3.20000     0.30000   111.28942
   3.30000     0.30000   111.32311
   3.40000     0.30000   111.33976
   3.50000     0.30000   111.33042
   3.60000     0.30000   111.32907
   3.70000     0.30000   111.32611
   3.80000     0.30000   111.32471
   3.90000     0.30000   111.32169
   4.00000     0.30000   111.33670
   4.10000     0.30000   111.34023
   4.20000     0.30000   111.31940
   4.30000     0.30000   111.30715
   4.40000     0.30000   111.33069
   4.50000     0.30000   111.34123
   4.60000     0.30000   111.29048
   4.70000     0.30000   111.32336
   4.80000     0.30000   111.28452
   4.90000     0.30000   111.32183
   5.00000     0.30000   111.32980
   0.10000     0.40000   111.26921
   0.20000     0.40000   111.28512
   0.30000     0.40000   111.25153
   0.40000     0.40000   111.20985
   0.50000     0.40000   111.21273
   0.60000     0.40000   111.25864
   0.70000     0.40000   111.32531
   0.80000     0.40000   111.27062
   0.90000     0.40000   111.30932
   1.00000     0.40000   111.31960
   1.10000     0.40000   111.31786
   1.20000     0.40000   111.32163
   1.30000     0.40000   111.31704
   1.40000     0.40000   111.33069
   1.50000     0.40000   111.32974
   1.60000     0.40000   111.33153
   1.70000     0.40000   111.30129
   1.80000     0.40000   111.33746
   1.90000     0.40000   111.33076
   2.00000     0.40000   111.31756
   2.10000     0.40000   111.32216
   2.20000     0.40000   111.33580
   2.30000     0.40000   111.30969
   2.40000     0.40000   111.27787
   2.50000     0.40000   111.28995
   2.60000     0.40000   111.33844
   2.70000     0.40000   111.32963
   2.80000     0.40000   111.34948
   2.90000     0.40000   111.33889
   3.00000     0.40000   111.28705
   3.10000     0.40000   111.28449
   3.20000     0.40000   111.32475
   3.30000     0.40000   111.33344
   3.40000     0.40000   111.31495
   3.50000     0.40000   111.32284
   3.60000     0.40000   111.31359
   3.70000     0.40000   111.31890
   3.80000     0.40000   111.30825
   3.90000     0.40000   111.33142
   4.00000     0.40000   111.32107
   4.10000     0.40000   111.29123
   4.20000     0.40000   111.32695
   4.30000     0.40000   111.29514
   4.40000     0.40000   111.33351
   4.50000     0.40000   111.33175
   4.60000     0.40000   111.32481
   4.70000     0.40000   111.32010
   4.80000     0.40000   111.31634
   4.90000     0.40000   111.33458
   5.00000     0.40000   111.35418
   0.10000     0.50000   111.33709
   0.20000     0.50000   111.32391
   0.30000     0.50000   111.24040
   0.40000     0.50000   111.18311
   0.50000     0.50000   111.10507
   0.60000     0.50000   109.92098
   0.70000     0.50000   111.14256
   0.80000     0.50000   111.21381
   0.90000     0.50000   111.27578
   1.00000     0.50000   111.31476
   1.10000     0.50000   111.30463
   1.20000     0.50000   111.31792
   1.30000     0.50000   111.32928
   1.40000     0.50000   111.32669
   1.50000     0.50000   111.32376
   1.60000     0.50000   111.33569
   1.70000     0.50000   111.31080
   1.80000     0.50000   111.33003
   1.90000     0.50000   111.33733
   2.00000     0.50000   111.29038
   2.10000     0.50000   111.28121
   2.20000     0.50000   111.32854
   2.30000     0.50000   111.33110
   2.40000     0.50000   111.34851
   2.50000     0.50000   111.33773
   2.60000     0.50000   111.34349
   2.70000     0.50000   111.34054
   2.80000     0.50000   111.33683
   2.90000     0.50000   111.30634
   3.00000     0.50000   111.32905
   3.10000     0.50000   111.35266
   3.20000     0.50000   111.34548
   3.30000     0.50000   111.33071
   3.40000     0.50000   111.31464
   3.50000     0.50000   111.31606
   3.60000     0.50000   111.29363
   3.70000     0.50000   111.34002
   3.80000     0.50000   111.32641
   3.90000     0.50000   111.34184
   4.00000     0.50000   111.33346
   4.10000     0.50000   111.33001
   4.20000     0.50000   111.34123
   4.30000     0.50000   111.32958
   4.40000     0.50000   111.32493
   4.50000     0.50000   111.34295
   4.60000     0.50000   111.34587
   4.70000     0.50000   111.29991
   4.80000     0.50000   111.30292
   4.90000     0.50000   111.35580
   5.00000     0.50000   111.34664
   0.10000     0.60000   111.30948
   0.20000     0.60000   111.29123
   0.30000     0.60000   111.26821
   0.40000     0.60000   111.27323
   0.50000     0.60000   111.23325
   0.60000     0.60000   111.20739
   0.70000     0.60000   111.18140
   0.80000     0.60000   111.13339
   0.90000     0.60000   111.26553
   1.00000     0.60000   111.32355
   1.10000     0.60000   111.33999
   1.20000     0.60000   111.30883
   1.30000     0.60000   111.31107
   1.40000     0.60000   111.31627
   1.50000     0.60000   111.35853
   1.60000     0.60000   111.32897
   1.70000     0.60000   111.34255
   1.80000     0.60000   111.32477
   1.90000     0.60000   111.32071
   2.00000     0.60000   111.32243
   2.10000     0.60000   111.35036
   2.20000     0.60000   111.33364
   2.30000     0.60000   111.30753
   2.40000     0.60000   111.30740
   2.50000     0.60000   111.35214
   2.60000     0.60000   111.34349
   2.70000     0.60000   111.33438
   2.80000     0.60000   111.33269
   2.90000     0.60000   111.31173
   3.00000     0.60000   111.33181
   3.10000     0.60000   111.31857
   3.20000     0.60000   111.32992
   3.30000     0.60000   111.32807
   3.40000     0.60000   111.33752
   3.50000     0.60000   111.27863
   3.60000     0.60000   111.31499
   3.70000     0.60000   111.33275
   3.80000     0.60000   111.31244
   3.90000     0.60000   111.30741
   4.00000     0.60000   111.34673
   4.10000     0.60000   111.34325
   4.20000     0.60000   111.31880
   4.30000     0.60000   111.32270
   4.40000     0.60000   111.35953
   4.50000     0.60000   111.31972
   4.60000     0.60000   111.35706
   4.70000     0.60000   111.31956
   4.80000     0.60000   111.31835
   4.90000     0.60000   111.33248
   5.00000     0.60000   111.34129
   0.10000     0.70000   111.30954
   0.20000     0.70000   111.31129
   0.30000     0.70000   111.29840
   0.40000     0.70000   111.28515
   0.50000     0.70000   111.24078
   0.60000     0.70000   111.20669
   0.70000     0.70000   111.15348
   0.80000     0.70000   111.07696
   0.90000     0.70000   110.90013
   1.00000     0.70000   110.88010
   1.10000     0.70000   111.32612
   1.20000     0.70000   111.33862
   1.30000     0.70000   111.31914
   1.40000     0.70000   111.33715
   1.50000     0.70000   111.32716
   1.60000     0.70000   111.34175
   1.70000     0.70000   111.34853
   1.80000     0.70000   111.32075
   1.90000     0.70000   111.31281
   2.00000     0.70000   111.31669
   2.10000     0.70000   111.33149
   2.20000     0.70000   111.34650
   2.30000     0.70000   111.32173
   2.40000     0.70000   111.31209
   2.50000     0.70000   111.30693
   2.60000     0.70000   111.33521
   2.70000     0.70000   111.30274
   2.80000     0.70000   111.35206
   2.90000     0.70000   111.33946
   3.00000     0.70000   111.35379
   3.10000     0.70000   111.34120
   3.20000     0.70000   111.34355
   3.30000     0.70000   111.34283
   3.40000     0.70000   111.29591
   3.50000     0.70000   111.29865
   3.60000     0.70000   111.33566
   3.70000     0.70000   111.30798
   3.80000     0.70000   111.32307
   3.90000     0.70000   111.31811
   4.00000     0.70000   111.31173
   4.10000     0.70000   111.33344
   4.20000     0.70000   111.33058
   4.30000     0.70000   111.31271
   4.40000     0.70000   111.31285
   4.50000     0.70000   111.32139
   4.60000     0.70000   111.33140
   4.70000     0.70000   111.31138
   4.80000     0.70000   111.30430
   4.90000     0.70000   111.34870
   5.00000     0.70000   111.34056
   0.10000     0.80000   111.31804
   0.20000     0.80000   111.28394
   0.30000     0.80000   111.26252
   0.40000     0.80000   111.24673
   0.50000     0.80000   111.23634
   0.60000     0.80000   111.24394
   0.70000     0.80000   111.07932
   0.80000     0.80000   111.02897
   0.90000     0.80000   110.94696
   1.00000     0.80000   110.77196
   1.10000     0.80000   110.54168
   1.20000     0.80000   111.33822
   1.30000     0.80000   111.28570
   1.40000     0.80000   111.34501
   1.50000     0.80000   111.33607
   1.60000     0.80000   111.33107
   1.70000     0.80000   111.31687
   1.80000     0.80000   111.33962
   1.90000     0.80000   111.26498
   2.00000     0.80000   111.31185
   2.10000     0.80000   111.32704
   2.20000     0.80000   111.34217
   2.30000     0.80000   111.28211
   2.40000     0.80000   111.30973
   2.50000     0.80000   111.34371
   2.60000     0.80000   111.34697
   2.70000     0.80000   111.32652
   2.80000     0.80000   111.32903
   2.90000     0.80000   111.31217
   3.00000     0.80000   111.31591
   3.10000     0.80000   111.32561
   3.20000     0.80000   111.31785
   3.30000     0.80000   111.34827
   3.40000     0.80000   111.31743
   3.50000     0.80000   111.35475
   3.60000     0.80000   111.34612
   3.70000     0.80000   111.32851
   3.80000     0.80000   111.30633
   3.90000     0.80000   111.32139
   4.00000     0.80000   111.31418
   4.10000     0.80000   111.31295
   4.20000     0.80000   111.31114
   4.30000     0.80000   111.32202
   4.40000     0.80000   111.32627
   4.50000     0.80000   111.31042
   4.60000     0.80000   111.31386
   4.70000     0.80000   111.33090
   4.80000     0.80000   111.31993
   4.90000     0.80000   111.33336
   5.00000     0.80000   111.33590
   0.10000     0.90000   111.28250
   0.20000     0.90000   111.28890
   0.30000     0.90000   111.27098
   0.40000     0.90000   111.22375
   0.50000     0.90000   111.17143
   0.60000     0.90000   111.18140
   0.70000     0.90000   111.13328
   0.80000     0.90000   110.96727
   0.90000     0.90000   110.74380
   1.00000     0.90000   110.64309
   1.10000     0.90000   110.24359
   1.20000     0.90000   109.52711
   1.30000     0.90000   111.32668
   1.40000     0.90000   111.32511
   1.50000     0.90000   111.33687
   1.60000     0.90000   111.31434
   1.70000     0.90000   111.31553
   1.80000     0.90000   111.31735
   1.90000     0.90000   111.33942
   2.00000     0.90000   111.30735
   2.10000     0.90000   111.32125
   2.20000     0.90000   111.31290
   2.30000     0.90000   111.34206
   2.40000     0.90000   111.32635
   2.50000     0.90000   111.34777
   2.60000     0.90000   111.33913
   2.70000     0.90000   111.31986
   2.80000     0.90000   111.30156
   2.90000     0.90000   111.33742
   3.00000     0.90000   111.32666
   3.10000     0.90000   111.35313
   3.20000     0.90000   111.31166
   3.30000     0.90000   111.31026
   3.40000     0.90000   111.30575
   3.50000     0.90000   111.32743
   3.60000     0.90000   111.31323
   3.70000     0.90000   111.32485
   3.80000     0.90000   111.35309
   3.90000     0.90000   111.33348
   4.00000     0.90000   111.31583
   4.10000     0.90000   111.32294
   4.20000     0.90000   111.36111
   4.30000     0.90000   111.33664
   4.40000     0.90000   111.33750
   4.50000     0.90000   111.32883
   4.60000     0.90000   111.34761
   4.70000     0.90000   111.33285
   4.80000     0.90000   111.33740
   4.90000     0.90000   111.34762
   5.00000     0.90000   111.30490
   0.10000     1.00000   111.31091
   0.20000     1.00000   111.29130
   0.30000     1.00000   111.24065
   0.40000     1.00000   111.21708
   0.50000     1.00000   111.22430
   0.60000     1.00000   111.20957
   0.70000     1.00000   111.13364
   0.80000     1.00000   110.92669
   0.90000     1.00000   110.69514
   1.00000     1.00000   110.50916
   1.10000     1.00000   109.94554
   1.20000     1.00000   109.22254
   1.30000     1.00000   111.32814
   1.40000     1.00000   111.32984
   1.50000     1.00000   111.32854
   1.60000     1.00000   111.35141
   1.70000     1.00000   111.34797
   1.80000     1.00000   111.32535
   1.90000     1.00000   111.32878
   2.00000     1.00000   111.29539
   2.10000     1.00000   111.32983
   2.20000     1.00000   111.32634
   2.30000     1.00000   111.32345
   2.40000     1.00000   111.34176
   2.50000     1.00000   111.31533
   2.60000     1.00000   111.31779
   2.70000     1.00000   111.33319
   2.80000     1.00000   111.33980
   2.90000     1.00000   111.33629
   3.00000     1.00000   111.33540
   3.10000     1.00000   111.34629
   3.20000     1.00000   111.34876
   3.30000     1.00000   111.32195
   3.40000     1.00000   111.31689
   3.50000     1.00000   111.30171
   3.60000     1.00000   111.30382
   3.70000     1.00000   111.31754
   3.80000     1.00000   111.34882
   3.90000     1.00000   111.30685
   4.00000     1.00000   111.31657
   4.10000     1.00000   111.32804
   4.20000     1.00000   111.30328
   4.30000     1.00000   111.30335
   4.40000     1.00000   111.32305
   4.50000     1.00000   111.32869
   4.60000     1.00000   111.33952
   4.70000     1.00000   111.33443
   4.80000     1.00000   111.34044
   4.90000     1.00000   111.34823
   5.00000     1.00000   111.32867
   0.10000     1.10000   111.31462
   0.20000     1.10000   111.26880
   0.30000     1.10000   111.31831
   0.40000     1.10000   111.22111
   0.50000     1.10000   111.20976
   0.60000     1.10000   111.19366
   0.70000     1.10000   111.04367
   0.80000     1.10000   110.92958
   0.90000     1.10000   110.56665
   1.00000     1.10000   110.27374
   1.10000     1.10000   109.52909
   1.20000     1.10000   108.62055
   1.30000     1.10000   111.33502
   1.40000     1.10000   111.32201
   1.50000     1.10000   111.33389
   1.60000     1.10000   111.34079
   1.70000     1.10000   111.30033
   1.80000     1.10000   111.31970
   1.90000     1.10000   111.33623
   2.00000     1.10000   111.32491
   2.10000     1.10000   111.34076
   2.20000     1.10000   111.30526
   2.30000     1.10000   111.30977
   2.40000     1.10000   111.34380
   2.50000     1.10000   111.32148
   2.60000     1.10000   111.34177
   2.70000     1.10000   111.32408
   2.80000     1.10000   111.33564
   2.90000     1.10000   111.34701
   3.00000     1.10000   111.32004
   3.10000     1.10000   111.31475
   3.20000     1.10000   111.32502
   3.30000     1.10000   111.34181
   3.40000     1.10000   111.28963
   3.50000     1.10000   111.33149
   3.60000     1.10000   111.29991
   3.70000     1.10000   111.31886
   3.80000     1.10000   111.34420
   3.90000     1.10000   111.33462
   4.00000     1.10000   111.32903
   4.10000     1.10000   111.33283
   4.20000     1.10000   111.33135
   4.30000     1.10000   111.31983
   4.40000     1.10000   111.31660
   4.50000     1.10000   111.32669
   4.60000     1.10000   111.34081
   4.70000     1.10000   111.31950
   4.80000     1.10000   111.32589
   4.90000     1.10000   111.33049
   5.00000     1.10000   111.33663
   0.10000     1.20000   111.31837
   0.20000     1.20000   111.30291
   0.30000     1.20000   111.26325
   0.40000     1.20000   111.22466
   0.50000     1.20000   111.15865
   0.60000     1.20000   111.02409
   0.70000     1.20000   110.97872
   0.80000     1.20000   110.81531
   0.90000     1.20000   110.43693
   1.00000     1.20000   109.84108
   1.10000     1.20000   109.17791
   1.20000     1.20000   107.64819
   1.30000     1.20000   111.30727
   1.40000     1.20000   111.32252
   1.50000     1.20000   111.32543
   1.60000     1.20000   111.29523
   1.70000     1.20000   111.34952
   1.80000     1.20000   111.29382
   1.90000     1.20000   111.31786
   2.00000     1.20000   111.34411
   2.10000     1.20000   111.29855
   2.20000     1.20000   111.32634
   2.30000     1.20000   111.33976
   2.40000     1.20000   111.32857
   2.50000     1.20000   111.30556
   2.60000     1.20000   111.33960
   2.70000     1.20000   111.32007
   2.80000     1.20000   111.32272
   2.90000     1.20000   111.32231
   3.00000     1.20000   111.30521
   3.10000     1.20000   111.32211
   3.20000     1.20000   111.35686
   3.30000     1.20000   111.32825
   3.40000     1.20000   111.28748
   3.50000     1.20000   111.30957
   3.60000     1.20000   111.33834
   3.70000     1.20000   111.32857
   3.80000     1.20000   111.33437
   3.90000     1.20000   111.30949
   4.00000     1.20000   111.34937
   4.10000     1.20000   111.32901
   4.20000     1.20000   111.34289
   4.30000     1.20000   111.32622
   4.40000     1.20000   111.32563
   4.50000     1.20000   111.31902
   4.60000     1.20000   111.31358
   4.70000     1.20000   111.32275
   4.80000     1.20000   111.35119
   4.90000     1.20000   111.34644
   5.00000     1.20000   111.34004
   0.10000     1.30000   111.29217
   0.20000     1.30000   111.30400
   0.30000     1.30000   111.27150
   0.40000     1.30000   111.25770
   0.50000     1.30000   111.14820
   0.60000     1.30000   111.08103
   0.70000     1.30000   110.86543
   0.80000     1.30000   110.61965
   0.90000     1.30000   110.23764
   1.00000     1.30000   109.41927
   1.10000     1.30000   108.18553
   1.20000     1.30000   107.14807
   1.30000     1.30000   106.36222
   1.40000     1.30000   111.33742
   1.50000     1.30000   111.34342
   1.60000     1.30000   111.31228
   1.70000     1.30000   111.32366
   1.80000     1.30000   111.32103
   1.90000     1.30000   111.31502
   2.00000     1.30000   111.32896
   2.10000     1.30000   111.33561
   2.20000     1.30000   111.34636
   2.30000     1.30000   111.32582
   2.40000     1.30000   111.36846
   2.50000     1.30000   111.35617
   2.60000     1.30000   111.31669
   2.70000     1.30000   111.29630
   2.80000     1.30000   111.27879
   2.90000     1.30000   111.34898
   3.00000     1.30000   111.33152
   3.10000     1.30000   111.33158
   3.20000     1.30000   111.30183
   3.30000     1.30000   111.35055
   3.40000     1.30000   111.34161
   3.50000     1.30000   111.33928
   3.60000     1.30000   111.31892
   3.70000     1.30000   111.33970
   3.80000     1.30000   111.32126
   3.90000     1.30000   111.31344
   4.00000     1.30000   111.33505
   4.10000     1.30000   111.32126
   4.20000     1.30000   111.28945
   4.30000     1.30000   111.33383
   4.40000     1.30000   111.31885
   4.50000     1.30000   111.36851
   4.60000     1.30000   111.34354
   4.70000     1.30000   111.34678
   4.80000     1.30000   111.31725
   4.90000     1.30000   111.34403
   5.00000     1.30000   111.32586
   0.10000     1.40000   111.32497
   0.20000     1.40000   111.25175
   0.30000     1.40000   111.26625
   0.40000     1.40000   111.19703
   0.50000     1.40000   111.04810
   0.60000     1.40000   110.97268
   0.70000     1.40000   110.83847
   0.80000     1.40000   110.54453
   0.90000     1.40000   109.88343
   1.00000     1.40000   109.16160
   1.10000     1.40000   107.71095
   1.20000     1.40000   106.67447
   1.30000     1.40000   105.98392
   1.40000     1.40000   111.35128
   1.50000     1.40000   111.32528
   1.60000     1.40000   111.33602
   1.70000     1.40000   111.33608
   1.80000     1.40000   111.34253
   1.90000     1.40000   111.32756
   2.00000     1.40000   111.33527
   2.10000     1.40000   111.29277
   2.20000     1.40000   111.33876
   2.30000     1.40000   111.31900
   2.40000     1.40000   111.32043
   2.50000     1.40000   111.32037
   2.60000     1.40000   111.33290
   2.70000     1.40000   111.32726
   2.80000     1.40000   111.33879
   2.90000     1.40000   111.33576
   3.00000     1.40000   111.34519
   3.10000     1.40000   111.32338
   3.20000     1.40000   111.31292
   3.30000     1.40000   111.29987
   3.40000     1.40000   111.33894
   3.50000     1.40000   111.31536
   3.60000     1.40000   111.31719
   3.70000     1.40000   111.29133
   3.80000     1.40000   111.33128
   3.90000     1.40000   111.30240
   4.00000     1.40000   111.31533
   4.10000     1.40000   111.33662
   4.20000     1.40000   111.28133
   4.30000     1.40000   111.30608
   4.40000     1.40000   111.33802
   4.50000     1.40000   111.35601
   4.60000     1.40000   111.28772
   4.70000     1.40000   111.35131
   4.80000     1.40000   111.32388
   4.90000     1.40000   111.27590
   5.00000     1.40000   111.35011
   0.10000     1.50000   111.30171
   0.20000     1.50000   111.26318
   0.30000     1.50000   111.23651
   0.40000     1.50000   111.19575
   0.50000     1.50000   111.12499
   0.60000     1.50000   110.98009
   0.70000     1.50000   110.76946
   0.80000     1.50000   110.38339
   0.90000     1.50000   109.72061
   1.00000     1.50000   108.23219
   1.10000     1.50000   107.21114
   1.20000     1.50000   106.43113
   1.30000     1.50000   105.83835
   1.40000     1.50000   111.31432
   1.50000     1.50000   111.31704
   1.60000     1.50000   111.34089
   1.70000     1.50000   111.31927
   1.80000     1.50000   111.33159
   1.90000     1.50000   111.34565
   2.00000     1.50000   111.32265
   2.10000     1.50000   111.34371
   2.20000     1.50000   111.29835
   2.30000     1.50000   111.31445
   2.40000     1.50000   111.30991
   2.50000     1.50000   111.34998
   2.60000     1.50000   111.32922
   2.70000     1.50000   111.32563
   2.80000     1.50000   111.31359
   2.90000     1.50000   111.31294
   3.00000     1.50000   111.35126
   3.10000     1.50000   111.32356
   3.20000     1.50000   111.33073
   3.30000     1.50000   111.32853
   3.40000     1.50000   111.28454
   3.50000     1.50000   111.35554
   3.60000     1.50000   111.31550
   3.70000     1.50000   111.34573
   3.80000     1.50000   111.33034
   3.90000     1.50000   111.35374
   4.00000     1.50000   111.33366
   4.10000     1.50000   111.34492
   4.20000     1.50000   111.33149
   4.30000     1.50000   111.34161
   4.40000     1.50000   111.34494
   4.50000     1.50000   111.31371
   4.60000     1.50000   111.32595
   4.70000     1.50000   111.31905
   4.80000     1.50000   111.31910
   4.90000     1.50000   111.33084
   5.00000     1.50000   111.30506
   0.10000     1.60000   111.32435
   0.20000     1.60000   111.31109
   0.30000     1.60000   111.26356
   0.40000     1.60000   111.13900
   0.50000     1.60000   111.04360
   0.60000     1.60000   110.84396
   0.70000     1.60000   110.66283
   0.80000     1.60000   110.12383
   0.90000     1.60000   109.16670
   1.00000     1.60000   107.82824
   1.10000     1.60000   106.48680
   1.20000     1.60000   105.81663
   1.30000     1.60000   111.34788
   1.40000     1.60000   111.31757
   1.50000     1.60000   111.33760
   1.60000     1.60000   111.32881
   1.70000     1.60000   111.34105
   1.80000     1.60000   111.33716
   1.90000     1.60000   111.33367
   2.00000     1.60000   111.30481
   2.10000     1.60000   111.32929
   2.20000     1.60000   111.31928
   2.30000     1.60000   111.28031
   2.40000     1.60000   111.34723
   2.50000     1.60000   111.33674
   2.60000     1.60000   111.30003
   2.70000     1.60000   111.33841
   2.80000     1.60000   111.33316
   2.90000     1.60000   111.31993
   3.00000     1.60000   111.33638
   3.10000     1.60000   111.32913
   3.20000     1.60000   111.31574
   3.30000     1.60000   111.31057
   3.40000     1.60000   111.32642
   3.50000     1.60000   111.33633
   3.60000     1.60000   111.34438
   3.70000     1.60000   111.31878
   3.80000     1.60000   111.33730
   3.90000     1.60000   111.30125
   4.00000     1.60000   111.32413
   4.10000     1.60000   111.32023
   4.20000     1.60000   111.31439
   4.30000     1.60000   111.32490
   4.40000     1.60000   111.32339
   4.50000     1.60000   111.33697
   4.60000     1.60000   111.34924
   4.70000     1.60000   111.32860
   4.80000     1.60000   111.34833
   4.90000     1.60000   111.32694
   5.00000     1.60000   111.31832
   0.10000     1.70000   111.28569
   0.20000     1.70000   111.30897
   0.30000     1.70000   111.23797
   0.40000     1.70000   111.19548
   0.50000     1.70000   111.01294
   0.60000     1.70000   110.79059
   0.70000     1.70000   110.45272
   0.80000     1.70000   109.75350
   0.90000     1.70000   108.59834
   1.00000     1.70000   107.23060
   1.10000     1.70000   106.39880
   1.20000     1.70000   105.84107
   1.30000     1.70000   111.33013
   1.40000     1.70000   111.30682
   1.50000     1.70000   111.29263
   1.60000     1.70000   111.33333
   1.70000     1.70000   111.34240
   1.80000     1.70000   111.33353
   1.90000     1.70000   111.30892
   2.00000     1.70000   111.34282
   2.10000     1.70000   111.32558
   2.20000     1.70000   111.31687
   2.30000     1.70000   111.34940
   2.40000     1.70000   111.33602
   2.50000     1.70000   111.34119
   2.60000     1.70000   111.33546
   2.70000     1.70000   111.34325
   2.80000     1.70000   111.33452
   2.90000     1.70000   111.31220
   3.00000     1.70000   111.35417
   3.10000     1.70000   111.30144
   3.20000     1.70000   111.33059
   3.30000     1.70000   111.33429
   3.40000     1.70000   111.30124
   3.50000     1.70000   111.31645
   3.60000     1.70000   111.30400
   3.70000     1.70000   111.33613
   3.80000     1.70000   111.33349
   3.90000     1.70000   111.32333
   4.00000     1.70000   111.32821
   4.10000     1.70000   111.32072
   4.20000     1.70000   111.34223
   4.30000     1.70000   111.31269
   4.40000     1.70000   111.34226
   4.50000     1.70000   111.32257
   4.60000     1.70000   111.31397
   4.70000     1.70000   111.26674
   4.80000     1.70000   111.33287
   4.90000     1.70000   111.32424
   5.00000     1.70000   111.32906
   0.10000     1.80000   111.31888
   0.20000     1.80000   111.33534
   0.30000     1.80000   111.22178
   0.40000     1.80000   111.17606
   0.50000     1.80000   111.01219
   0.60000     1.80000   110.79117
   0.70000     1.80000   110.37653
   0.80000     1.80000   109.57744
   0.90000     1.80000   108.23664
   1.00000     1.80000   106.74263
   1.10000     1.80000   105.92833
   1.20000     1.80000   105.90646
   1.30000     1.80000   111.30425
   1.40000     1.80000   111.31770
   1.50000     1.80000   111.33640
   1.60000     1.80000   111.31973
   1.70000     1.80000   111.30077
   1.80000     1.80000   111.31949
   1.90000     1.80000   111.34422
   2.00000     1.80000   111.31379
   2.10000     1.80000   111.32775
   2.20000     1.80000   111.32418
   2.30000     1.80000   111.34672
   2.40000     1.80000   111.34200
   2.50000     1.80000   111.32892
   2.60000     1.80000   111.34611
   2.70000     1.80000   111.30150
   2.80000     1.80000   111.31355
   2.90000     1.80000   111.30131
   3.00000     1.80000   111.33448
   3.10000     1.80000   111.34161
   3.20000     1.80000   111.31349
   3.30000     1.80000   111.34338
   3.40000     1.80000   111.32713
   3.50000     1.80000   111.34287
   3.60000     1.80000   111.31510
   3.70000     1.80000   111.34213
   3.80000     1.80000   111.32169
   3.90000     1.80000   111.34586
   4.00000     1.80000   111.28670
   4.10000     1.80000   111.33818
   4.20000     1.80000   111.32262
   4.30000     1.80000   111.33227
   4.40000     1.80000   111.32467
   4.50000     1.80000   111.29725
   4.60000     1.80000   111.34903
   4.70000     1.80000   111.31232
   4.80000     1.80000   111.34091
   4.90000     1.80000   111.33829
   5.00000     1.80000   111.32720
   0.10000     1.90000   111.29187
   0.20000     1.90000   111.27584
   0.30000     1.90000   111.17722
   0.40000     1.90000   111.19748
   0.50000     1.90000   111.00850
   0.60000     1.90000   110.69047
   0.70000     1.90000   110.28146
   0.80000     1.90000   109.13672
   0.90000     1.90000   107.60089
   1.00000     1.90000   106.50463
   1.10000     1.90000   105.97857
   1.20000     1.90000   106.18346
   1.30000     1.90000   111.31877
   1.40000     1.90000   111.35184
   1.50000     1.90000   111.32940
   1.60000     1.90000   111.34393
   1.70000     1.90000   111.31830
   1.80000     1.90000   111.34084
   1.90000     1.90000   111.33210
   2.00000     1.90000   111.32820
   2.10000     1.90000   111.29370
   2.20000     1.90000   111.31498
   2.30000     1.90000   111.30273
   2.40000     1.90000   111.32360
   2.50000     1.90000   111.30510
   2.60000     1.90000   111.31891
   2.70000     1.90000   111.31880
   2.80000     1.90000   111.33110
   2.90000     1.90000   111.32761
   3.00000     1.90000   111.32294
   3.10000     1.90000   111.31292
   3.20000     1.90000   111.31077
   3.30000     1.90000   111.31265
   3.40000     1.90000   111.31821
   3.50000     1.90000   111.32816
   3.60000     1.90000   111.32052
   3.70000     1.90000   111.29091
   3.80000     1.90000   111.32219
   3.90000     1.90000   111.32832
   4.00000     1.90000   111.32416
   4.10000     1.90000   111.31256
   4.20000     1.90000   111.32301
   4.30000     1.90000   111.30645
   4.40000     1.90000   111.33296
   4.50000     1.90000   111.32940
   4.60000     1.90000   111.33100
   4.70000     1.90000   111.30102
   4.80000     1.90000   111.32748
   4.90000     1.90000   111.32346
   5.00000     1.90000   111.31250
   0.10000     2.00000   111.30135
   0.20000     2.00000   111.21241
   0.30000     2.00000   111.24207
   0.40000     2.00000   111.16078
   0.50000     2.00000   110.98004
   0.60000     2.00000   110.70994
   0.70000     2.00000   110.13314
   0.80000     2.00000   108.72208
   0.90000     2.00000   107.20079
   1.00000     2.00000   106.07867
   1.10000     2.00000   105.79095
   1.20000     2.00000   106.44399
   1.30000     2.00000   111.31302
   1.40000     2.00000   111.30860
   1.50000     2.00000   111.34991
   1.60000     2.00000   111.29374
   1.70000     2.00000   111.32072
   1.80000     2.00000   111.34328
   1.90000     2.00000   111.34584
   2.00000     2.00000   111.32903
   2.10000     2.00000   111.30353
   2.20000     2.00000   111.32847
   2.30000     2.00000   111.34939
   2.40000     2.00000   111.29852
   2.50000     2.00000   111.32884
   2.60000     2.00000   111.31545
   2.70000     2.00000   111.31903
   2.80000     2.00000   111.31003
   2.90000     2.00000   111.32657
   3.00000     2.00000   111.31125
   3.10000     2.00000   111.34634
   3.20000     2.00000   111.33881
   3.30000     2.00000   111.33004
   3.40000     2.00000   111.33935
   3.50000     2.00000   111.33360
   3.60000     2.00000   111.30941
   3.70000     2.00000   111.31941
   3.80000     2.00000   111.33252
   3.90000     2.00000   111.32062
   4.00000     2.00000   111.33260
   4.10000     2.00000   111.35369
   4.20000     2.00000   111.31901
   4.30000     2.00000   111.31143
   4.40000     2.00000   111.31025
   4.50000     2.00000   111.31637
   4.60000     2.00000   111.31372
   4.70000     2.00000   111.34808
   4.80000     2.00000   111.32452
   4.90000     2.00000   111.33948
   5.00000     2.00000   111.32749
   0.10000     2.10000   111.31988
   0.20000     2.10000   111.21941
   0.30000     2.10000   111.11737
   0.40000     2.10000   111.13594
   0.50000     2.10000   111.02950
   0.60000     2.10000   110.45437
   0.70000     2.10000   109.69995
   0.80000     2.10000   108.20147
   0.90000     2.10000   106.89049
   1.00000     2.10000   105.89434
   1.10000     2.10000   106.06170
   1.20000     2.10000   106.76155
   1.30000     2.10000   111.34860
   1.40000     2.10000   111.33611
   1.50000     2.10000   111.34989
   1.60000     2.10000   111.32915
   1.70000     2.10000   111.33135
   1.80000     2.10000   111.33083
   1.90000     2.10000   111.32919
   2.00000     2.10000   111.33216
   2.10000     2.10000   111.35354
   2.20000     2.10000   111.31977
   2.30000     2.10000   111.32618
   2.40000     2.10000   111.31141
   2.50000     2.10000   111.33690
   2.60000     2.10000   111.33733
   2.70000     2.10000   111.33129
   2.80000     2.10000   111.29505
   2.90000     2.10000   111.33600
   3.00000     2.10000   111.31773
   3.10000     2.10000   111.32084
   3.20000     2.10000   111.33671
   3.30000     2.10000   111.29884
   3.40000     2.10000   111.32845
   3.50000     2.10000   111.34057
   3.60000     2.10000   111.30025
   3.70000     2.10000   111.32609
   3.80000     2.10000   111.33548
   3.90000     2.10000   111.30263
   4.00000     2.10000   111.33917
   4.10000     2.10000   111.34356
   4.20000     2.10000   111.32369
   4.30000     2.10000   111.33257
   4.40000     2.10000   111.34346
   4.50000     2.10000   111.31218
   4.60000     2.10000   111.34915
   4.70000     2.10000   111.31199
   4.80000     2.10000   111.32377
   4.90000     2.10000   111.32911
   5.00000     2.10000   111.31634
   0.10000     2.20000   111.28510
   0.20000     2.20000   111.28557
   0.30000     2.20000   111.17735
   0.40000     2.20000   111.02507
   0.50000     2.20000   110.85327
   0.60000     2.20000   110.36296
   0.70000     2.20000   109.47883
   0.80000     2.20000   107.56374
   0.90000     2.20000   106.38152
   1.00000     2.20000   105.88747
   1.10000     2.20000   106.07962
   1.20000     2.20000   107.04851
   1.30000     2.20000   111.32801
   1.40000     2.20000   111.30789
   1.50000     2.20000   111.33645
   1.60000     2.20000   111.31029
   1.70000     2.20000   111.34200
   1.80000     2.20000   111.32177
   1.90000     2.20000   111.29636
   2.00000     2.20000   111.31679
   2.10000     2.20000   111.35563
   2.20000     2.20000   111.33610
   2.30000     2.20000   111.36041
   2.40000     2.20000   111.30815
   2.50000     2.20000   111.34226
   2.60000     2.20000   111.35558
   2.70000     2.20000   111.31969
   2.80000     2.20000   111.36060
   2.90000     2.20000   111.32913
   3.00000     2.20000   111.31864
   3.10000     2.20000   111.31245
   3.20000     2.20000   111.32893
   3.30000     2.20000   111.33264
   3.40000     2.20000   111.33089
   3.50000     2.20000   111.31722
   3.60000     2.20000   111.33346
   3.70000     2.20000   111.31982
   3.80000     2.20000   111.30905
   3.90000     2.20000   111.32071
   4.00000     2.20000   111.35827
   4.10000     2.20000   111.34412
   4.20000     2.20000   111.35692
   4.30000     2.20000   111.35696
   4.40000     2.20000   111.32695
   4.50000     2.20000   111.29859
   4.60000     2.20000   111.32623
   4.70000     2.20000   111.32986
   4.80000     2.20000   111.32270
   4.90000     2.20000   111.33676
   5.00000     2.20000   111.32016
   0.10000     2.30000   111.25956
   0.20000     2.30000   111.27514
   0.30000     2.30000   111.15146
   0.40000     2.30000   111.06340
   0.50000     2.30000   110.78294
   0.60000     2.30000   110.21602
   0.70000     2.30000   109.24933
   0.80000     2.30000   107.65351
   0.90000     2.30000   106.16521
   1.00000     2.30000   105.76633
   1.10000     2.30000   106.27387
   1.20000     2.30000   107.75085
   1.30000     2.30000   111.32138
   1.40000     2.30000   111.30601
   1.50000     2.30000   111.35289
   1.60000     2.30000   111.32785
   1.70000     2.30000   111.31100
   1.80000     2.30000   111.33688
   1.90000     2.30000   111.29902
   2.00000     2.30000   111.30650
   2.10000     2.30000   111.33059
   2.20000     2.30000   111.31590
   2.30000     2.30000   111.34662
   2.40000     2.30000   111.33147
   2.50000     2.30000   111.31026
   2.60000     2.30000   111.28707
   2.70000     2.30000   111.30623
   2.80000     2.30000   111.33340
   2.90000     2.30000   111.34431
   3.00000     2.30000   111.31348
   3.10000     2.30000   111.33006
   3.20000     2.30000   111.35898
   3.30000     2.30000   111.34025
   3.40000     2.30000   111.33437
   3.50000     2.30000   111.32568
   3.60000     2.30000   111.32953
   3.70000     2.30000   111.31892
   3.80000     2.30000   111.30541
   3.90000     2.30000   111.29427
   4.00000     2.30000   111.34678
   4.10000     2.30000   111.35084
   4.20000     2.30000   111.31478
   4.30000     2.30000   111.32837
   4.40000     2.30000   111.30892
   4.50000     2.30000   111.33410
   4.60000     2.30000   111.34093
   4.70000     2.30000   111.31163
   4.80000     2.30000   111.32947
   4.90000     2.30000   111.33950
   5.00000     2.30000   111.32349
   0.10000     2.40000   111.26408
   0.20000     2.40000   111.26380
   0.30000     2.40000   111.08034
   0.40000     2.40000   111.05525
   0.50000     2.40000   110.86591
   0.60000     2.40000   110.08521
   0.70000     2.40000   108.62345
   0.80000     2.40000   106.98705
   0.90000     2.40000   106.12100
   1.00000     2.40000   105.98198
   1.10000     2.40000   106.66256
   1.20000     2.40000   108.28338
   1.30000     2.40000   111.33377
   1.40000     2.40000   111.29065
   1.50000     2.40000   111.33055
   1.60000     2.40000   111.31453
   1.70000     2.40000   111.31887
   1.80000     2.40000   111.31235
   1.90000     2.40000   111.30734
   2.00000     2.40000   111.31295
   2.10000     2.40000   111.34099
   2.20000     2.40000   111.33015
   2.30000     2.40000   111.31840
   2.40000     2.40000   111.33914
   2.50000     2.40000   111.33542
   2.60000     2.40000   111.34329
   2.70000     2.40000   111.30083
   2.80000     2.40000   111.31880
   2.90000     2.40000   111.33602
   3.00000     2.40000   111.30339
   3.10000     2.40000   111.33191
   3.20000     2.40000   111.31410
   3.30000     2.40000   111.33460
   3.40000     2.40000   111.31410
   3.50000     2.40000   111.32865
   3.60000     2.40000   111.32242
   3.70000     2.40000   111.32236
   3.80000     2.40000   111.31207
   3.90000     2.40000   111.35504
   4.00000     2.40000   111.33341
   4.10000     2.40000   111.31151
   4.20000     2.40000   111.34530
   4.30000     2.40000   111.33610
   4.40000     2.40000   111.33638
   4.50000     2.40000   111.30888
   4.60000     2.40000   111.33508
   4.70000     2.40000   111.30477
   4.80000     2.40000   111.30982
   4.90000     2.40000   111.34335
   5.00000     2.40000   111.34633
   0.10000     2.50000   111.32702
   0.20000     2.50000   111.26172
   0.30000     2.50000   111.19846
   0.40000     2.50000   110.98195
   0.50000     2.50000   110.65605
   0.60000     2.50000   109.99356
   0.70000     2.50000   108.33866
   0.80000     2.50000   106.79715
   0.90000     2.50000   105.99410
   1.00000     2.50000   106.09186
   1.10000     2.50000   107.04646
   1.20000     2.50000   109.21978
   1.30000     2.50000   111.32704
   1.40000     2.50000   111.32044
   1.50000     2.50000   111.30356
   1.60000     2.50000   111.33337
   1.70000     2.50000   111.32439
   1.80000     2.50000   111.33389
   1.90000     2.50000   111.33511
   2.00000     2.50000   111.30002
   2.10000     2.50000   111.29701
   2.20000     2.50000   111.34701
   2.30000     2.50000   111.32765
   2.40000     2.50000   111.34698
   2.50000     2.50000   111.32274
   2.60000     2.50000   111.32936
   2.70000     2.50000   111.30273
   2.80000     2.50000   111.27495
   2.90000     2.50000   111.32322
   3.00000     2.50000   111.30812
   3.10000     2.50000   111.31141
   3.20000     2.50000   111.34533
   3.30000     2.50000   111.33150
   3.40000     2.50000   111.33654
   3.50000     2.50000   111.33644
   3.60000     2.50000   111.34285
   3.70000     2.50000   111.33007
   3.80000     2.50000   111.31327
   3.90000     2.50000   111.31426
   4.00000     2.50000   111.29871
   4.10000     2.50000   111.30933
   4.20000     2.50000   111.33923
   4.30000     2.50000   111.30932
   4.40000     2.50000   111.31781
   4.50000     2.50000   111.33468
   4.60000     2.50000   111.35343
   4.70000     2.50000   111.36077
   4.80000     2.50000   111.31498
   4.90000     2.50000   111.34027
   5.00000     2.50000   111.35693
   0.10000     2.60000   111.31877
   0.20000     2.60000   111.21383
   0.30000     2.60000   111.14597
   0.40000     2.60000   110.97515
   0.50000     2.60000   110.71048
   0.60000     2.60000   109.81366
   0.70000     2.60000   108.07287
   0.80000     2.60000   106.70877
   0.90000     2.60000   105.93856
   1.00000     2.60000   106.32232
   1.10000     2.60000   107.57206
   1.20000     2.60000   109.86574
   1.30000     2.60000   111.32492
   1.40000     2.60000   111.31734
   1.50000     2.60000   111.33465
   1.60000     2.60000   111.34189
   1.70000     2.60000   111.35102
   1.80000     2.60000   111.33966
   1.90000     2.60000   111.28348
   2.00000     2.60000   111.32297
   2.10000     2.60000   111.32726
   2.20000     2.60000   111.28682
   2.30000     2.60000   111.34832
   2.40000     2.60000   111.33342
   2.50000     2.60000   111.34153
   2.60000     2.60000   111.33118
   2.70000     2.60000   111.34668
   2.80000     2.60000   111.30251
   2.90000     2.60000   111.32951
   3.00000     2.60000   111.35637
   3.10000     2.60000   111.32554
   3.20000     2.60000   111.33960
   3.30000     2.60000   111.28711
   3.40000     2.60000   111.33606
   3.50000     2.60000   111.31718
   3.60000     2.60000   111.33582
   3.70000     2.60000   111.29918
   3.80000     2.60000   111.34945
   3.90000     2.60000   111.33053
   4.00000     2.60000   111.32072
   4.10000     2.60000   111.35541
   4.20000     2.60000   111.32003
   4.30000     2.60000   111.31481
   4.40000     2.60000   111.32299
   4.50000     2.60000   111.31562
   4.60000     2.60000   111.31875
   4.70000     2.60000   111.32730
   4.80000     2.60000   111.30857
   4.90000     2.60000   111.35565
   5.00000     2.60000   111.32915
   0.10000     2.70000   111.33539
   0.20000     2.70000   111.27617
   0.30000     2.70000   111.14639
   0.40000     2.70000   111.09678
   0.50000     2.70000   110.70520
   0.60000     2.70000   109.64475
   0.70000     2.70000   107.78014
   0.80000     2.70000   106.36658
   0.90000     2.70000   105.94765
   1.00000     2.70000   106.57738
   1.10000     2.70000   108.04276
   1.20000     2.70000   111.34472
   1.30000     2.70000   111.33241
   1.40000     2.70000   111.30351
   1.50000     2.70000   111.33966
   1.60000     2.70000   111.33374
   1.70000     2.70000   111.31385
   1.80000     2.70000   111.28956
   1.90000     2.70000   111.31274
   2.00000     2.70000   111.32678
   2.10000     2.70000   111.30858
   2.20000     2.70000   111.33020
   2.30000     2.70000   111.33464
   2.40000     2.70000   111.28822
   2.50000     2.70000   111.33353
   2.60000     2.70000   111.34484
   2.70000     2.70000   111.31379
   2.80000     2.70000   111.33880
   2.90000     2.70000   111.33076
   3.00000     2.70000   111.30215
   3.10000     2.70000   111.30913
   3.20000     2.70000   111.32171
   3.30000     2.70000   111.33851
   3.40000     2.70000   111.32952
   3.50000     2.70000   111.33125
   3.60000     2.70000   111.30944
   3.70000     2.70000   111.34716
   3.80000     2.70000   111.33206
   3.90000     2.70000   111.33177
   4.00000     2.70000   111.32758
   4.10000     2.70000   111.31662
   4.20000     2.70000   111.31416
   4.30000     2.70000   111.29172
   4.40000     2.70000   111.33573
   4.50000     2.70000   111.32046
   4.60000     2.70000   111.34476
   4.70000     2.70000   111.32937
   4.80000     2.70000   111.35158
   4.90000     2.70000   111.32910
   5.00000     2.70000   111.30243
   0.10000     2.80000   111.30977
   0.20000     2.80000   111.26774
   0.30000     2.80000   111.06192
   0.40000     2.80000   110.89033
   0.50000     2.80000   110.47632
   0.60000     2.80000   109.20096
   0.70000     2.80000   107.53663
   0.80000     2.80000   106.25417
   0.90000     2.80000   105.96729
   1.00000     2.80000   106.79093
   1.10000     2.80000   108.93293
   1.20000     2.80000   111.34152
   1.30000     2.80000   111.32260
   1.40000     2.80000   111.30756
   1.50000     2.80000   111.34654
   1.60000     2.80000   111.30191
   1.70000     2.80000   111.32842
   1.80000     2.80000   111.34110
   1.90000     2.80000   111.36384
   2.00000     2.80000   111.32747
   2.10000     2.80000   111.32531
   2.20000     2.80000   111.30570
   2.30000     2.80000   111.32917
   2.40000     2.80000   111.31675
   2.50000     2.80000   111.30577
   2.60000     2.80000   111.29003
   2.70000     2.80000   111.29870
   2.80000     2.80000   111.30692
   2.90000     2.80000   111.30631
   3.00000     2.80000   111.33910
   3.10000     2.80000   111.33503
   3.20000     2.80000   111.33794
   3.30000     2.80000   111.31853
   3.40000     2.80000   111.30863
   3.50000     2.80000   111.31868
   3.60000     2.80000   111.34237
   3.70000     2.80000   111.33888
   3.80000     2.80000   111.32827
   3.90000     2.80000   111.34572
   4.00000     2.80000   111.29663
   4.10000     2.80000   111.30384
   4.20000     2.80000   111.32940
   4.30000     2.80000   111.34412
   4.40000     2.80000   111.33067
   4.50000     2.80000   111.31413
   4.60000     2.80000   111.34576
   4.70000     2.80000   111.32243
   4.80000     2.80000   111.28440
   4.90000     2.80000   111.32725
   5.00000     2.80000   111.33292
   0.10000     2.90000   111.27874
   0.20000     2.90000   111.23976
   0.30000     2.90000   111.06114
   0.40000     2.90000   110.97616
   0.50000     2.90000   110.40511
   0.60000     2.90000   109.10053
   0.70000     2.90000   107.10864
   0.80000     2.90000   105.95819
   0.90000     2.90000   106.08030
   1.00000     2.90000   107.06353
   1.10000     2.90000   109.46749
   1.20000     2.90000   111.32644
   1.30000     2.90000   111.26997
   1.40000     2.90000   111.32680
   1.50000     2.90000   111.35087
   1.60000     2.90000   111.32206
   1.70000     2.90000   111.31704
   1.80000     2.90000   111.32311
   1.90000     2.90000   111.32137
   2.00000     2.90000   111.29717
   2.10000     2.90000   111.34524
   2.20000     2.90000   111.28680
   2.30000     2.90000   111.32997
   2.40000     2.90000   111.33138
   2.50000     2.90000   111.32248
   2.60000     2.90000   111.35223
   2.70000     2.90000   111.30195
   2.80000     2.90000   111.32765
   2.90000     2.90000   111.33572
   3.00000     2.90000   111.35325
   3.10000     2.90000   111.31995
   3.20000     2.90000   111.34224
   3.30000     2.90000   111.34023
   3.40000     2.90000   111.34414
   3.50000     2.90000   111.31581
   3.60000     2.90000   111.33460
   3.70000     2.90000   111.35067
   3.80000     2.90000   111.33333
   3.90000     2.90000   111.33499
   4.00000     2.90000   111.30631
   4.10000     2.90000   111.33426
   4.20000     2.90000   111.30482
   4.30000     2.90000   111.33985
   4.40000     2.90000   111.32721
   4.50000     2.90000   111.32872
   4.60000     2.90000   111.32786
   4.70000     2.90000   111.31155
   4.80000     2.90000   111.32568
   4.90000     2.90000   111.35219
   5.00000     2.90000   111.32616
   0.10000     3.00000   111.32185
   0.20000     3.00000   111.25651
   0.30000     3.00000   111.09199
   0.40000     3.00000   110.84105
   0.50000     3.00000   110.38219
   0.60000     3.00000   108.79361
   0.70000     3.00000   107.09672
   0.80000     3.00000   105.78798
   0.90000     3.00000   106.27465
   1.00000     3.00000   107.46531
   1.10000     3.00000   110.12008
   1.20000     3.00000   111.31289
   1.30000     3.00000   111.32638
   1.40000     3.00000   111.33628
   1.50000     3.00000   111.33824
   1.60000     3.00000   111.33225
   1.70000     3.00000   111.30789
   1.80000     3.00000   111.29991
   1.90000     3.00000   111.30548
   2.00000     3.00000   111.34276
   2.10000     3.00000   111.30489
   2.20000     3.00000   111.29429
   2.30000     3.00000   111.35307
   2.40000     3.00000   111.33797
   2.50000     3.00000   111.34151
   2.60000     3.00000   111.33834
   2.70000     3.00000   111.31488
   2.80000     3.00000   111.32990
   2.90000     3.00000   111.30992
   3.00000     3.00000   111.33514
   3.10000     3.00000   111.32495
   3.20000     3.00000   111.30269
   3.30000     3.00000   111.31980
   3.40000     3.00000   111.33667
   3.50000     3.00000   111.30928
   3.60000     3.00000   111.34907
   3.70000     3.00000   111.31543
   3.80000     3.00000   111.33877
   3.90000     3.00000   111.32833
   4.00000     3.00000   111.31239
   4.10000     3.00000   111.30341
   4.20000     3.00000   111.33325
   4.30000     3.00000   111.34046
   4.40000     3.00000   111.34742
   4.50000     3.00000   111.33060
   4.60000     3.00000   111.32373
   4.70000     3.00000   111.34780
   4.80000     3.00000   111.34001
   4.90000     3.00000   111.33967
   5.00000     3.00000   111.32555
   0.10000     3.10000   111.29346
   0.20000     3.10000   111.26458
   0.30000     3.10000   111.06417
   0.40000     3.10000   110.81394
   0.50000     3.10000   110.28672
   0.60000     3.10000   108.72565
   0.70000     3.10000   106.54359
   0.80000     3.10000   105.94211
   0.90000     3.10000   106.51836
   1.00000     3.10000   108.12475
   1.10000     3.10000   110.57050
   1.20000     3.10000   111.33714
   1.30000     3.10000   111.34233
   1.40000     3.10000   111.31285
   1.50000     3.10000   111.33364
   1.60000     3.10000   111.32196
   1.70000     3.10000   111.33960
   1.80000     3.10000   111.31136
   1.90000     3.10000   111.32871
   2.00000     3.10000   111.30437
   2.10000     3.10000   111.33231
   2.20000     3.10000   111.33297
   2.30000     3.10000   111.35559
   2.40000     3.10000   111.30202
   2.50000     3.10000   111.31453
   2.60000     3.10000   111.27357
   2.70000     3.10000   111.33624
   2.80000     3.10000   111.30032
   2.90000     3.10000   111.33644
   3.00000     3.10000   111.33599
   3.10000     3.10000   111.27204
   3.20000     3.10000   111.33804
   3.30000     3.10000   111.32669
   3.40000     3.10000   111.34786
   3.50000     3.10000   111.34645
   3.60000     3.10000   111.30723
   3.70000     3.10000   111.32103
   3.80000     3.10000   111.32571
   3.90000     3.10000   111.31451
   4.00000     3.10000   111.31863
   4.10000     3.10000   111.34957
   4.20000     3.10000   111.33798
   4.30000     3.10000   111.32603
   4.40000     3.10000   111.32948
   4.50000     3.10000   111.35225
   4.60000     3.10000   111.30856
   4.70000     3.10000   111.30820
   4.80000     3.10000   111.35941
   4.90000     3.10000   111.31330
   5.00000     3.10000   111.33489
   0.10000     3.20000   111.26038
   0.20000     3.20000   111.23650
   0.30000     3.20000   111.02387
   0.40000     3.20000   110.79728
   0.50000     3.20000   110.08508
   0.60000     3.20000   108.43462
   0.70000     3.20000   106.54941
   0.80000     3.20000   106.02890
   0.90000     3.20000   106.68070
   1.00000     3.20000   108.71926
   1.10000     3.20000   111.08215
   1.20000     3.20000   111.35211
   1.30000     3.20000   111.29741
   1.40000     3.20000   111.33927
   1.50000     3.20000   111.32435
   1.60000     3.20000   111.32198
   1.70000     3.20000   111.34513
   1.80000     3.20000   111.32647
   1.90000     3.20000   111.36011
   2.00000     3.20000   111.31341
   2.10000     3.20000   111.34196
   2.20000     3.20000   111.33938
   2.30000     3.20000   111.34816
   2.40000     3.20000   111.32626
   2.50000     3.20000   111.29606
   2.60000     3.20000   111.32543
   2.70000     3.20000   111.33002
   2.80000     3.20000   111.33029
   2.90000     3.20000   111.31668
   3.00000     3.20000   111.33044
   3.10000     3.20000   111.32723
   3.20000     3.20000   111.34134
   3.30000     3.20000   111.29770
   3.40000     3.20000   111.33268
   3.50000     3.20000   111.31083
   3.60000     3.20000   111.33647
   3.70000     3.20000   111.33795
   3.80000     3.20000   111.34985
   3.90000     3.20000   111.29990
   4.00000     3.20000   111.31116
   4.10000     3.20000   111.33829
   4.20000     3.20000   111.31828
   4.30000     3.20000   111.34112
   4.40000     3.20000   111.30595
   4.50000     3.20000   111.30589
   4.60000     3.20000   111.32890
   4.70000     3.20000   111.28032
   4.80000     3.20000   111.29747
   4.90000     3.20000   111.30700
   5.00000     3.20000   111.31314
   0.10000     3.30000   111.27556
   0.20000     3.30000   111.21804
   0.30000     3.30000   111.07198
   0.40000     3.30000   110.70193
   0.50000     3.30000   110.05223
   0.60000     3.30000   107.88515
   0.70000     3.30000   106.37711
   0.80000     3.30000   105.91282
   0.90000     3.30000   106.82368
   1.00000     3.30000   109.33378
   1.10000     3.30000   111.31287
   1.20000     3.30000   111.32614
   1.30000     3.30000   111.31229
   1.40000     3.30000   111.32442
   1.50000     3.30000   111.34645
   1.60000     3.30000   111.30889
   1.70000     3.30000   111.30856
   1.80000     3.30000   111.30537
   1.90000     3.30000   111.31832
   2.00000     3.30000   111.32372
   2.10000     3.30000   111.31071
   2.20000     3.30000   111.31427
   2.30000     3.30000   111.33967
   2.40000     3.30000   111.34233
   2.50000     3.30000   111.30863
   2.60000     3.30000   111.34022
   2.70000     3.30000   111.32461
   2.80000     3.30000   111.33384
   2.90000     3.30000   111.31329
   3.00000     3.30000   111.32438
   3.10000     3.30000   111.33210
   3.20000     3.30000   111.32594
   3.30000     3.30000   111.34387
   3.40000     3.30000   111.31865
   3.50000     3.30000   111.36371
   3.60000     3.30000   111.31897
   3.70000     3.30000   111.32070
   3.80000     3.30000   111.30809
   3.90000     3.30000   111.33014
   4.00000     3.30000   111.30604
   4.10000     3.30000   111.31402
   4.20000     3.30000   111.33935
   4.30000     3.30000   111.33484
   4.40000     3.30000   111.30354
   4.50000     3.30000   111.33187
   4.60000     3.30000   111.31550
   4.70000     3.30000   111.32711
   4.80000     3.30000   111.28849
   4.90000     3.30000   111.35845
   5.00000     3.30000   111.33486
   0.10000     3.40000   111.28124
   0.20000     3.40000   111.19573
   0.30000     3.40000   111.06312
   0.40000     3.40000   110.70269
   0.50000     3.40000   109.82225
   0.60000     3.40000   107.58607
   0.70000     3.40000   106.09114
   0.80000     3.40000   106.19635
   0.90000     3.40000   107.25925
   1.00000     3.40000   110.01741
   1.10000     3.40000   111.35469
   1.20000     3.40000   111.32783
   1.30000     3.40000   111.32470
   1.40000     3.40000   111.32391
   1.50000     3.40000   111.32217
   1.60000     3.40000   111.33719
   1.70000     3.40000   111.32307
   1.80000     3.40000   111.33468
   1.90000     3.40000   111.33178
   2.00000     3.40000   111.34351
   2.10000     3.40000   111.34073
   2.20000     3.40000   111.26326
   2.30000     3.40000   111.34934
   2.40000     3.40000   111.32953
   2.50000     3.40000   111.31511
   2.60000     3.40000   111.32937
   2.70000     3.40000   111.32626
   2.80000     3.40000   111.32544
   2.90000     3.40000   111.32121
   3.00000     3.40000   111.31787
   3.10000     3.40000   111.32368
   3.20000     3.40000   111.29026
   3.30000     3.40000   111.32552
   3.40000     3.40000   111.30292
   3.50000     3.40000   111.32029
   3.60000     3.40000   111.33891
   3.70000     3.40000   111.30217
   3.80000     3.40000   111.34249
   3.90000     3.40000   111.29567
   4.00000     3.40000   111.30807
   4.10000     3.40000   111.34769
   4.20000     3.40000   111.35124
   4.30000     3.40000   111.30299
   4.40000     3.40000   111.32091
   4.50000     3.40000   111.32075
   4.60000     3.40000   111.33088
   4.70000     3.40000   111.32803
   4.80000     3.40000   111.33696
   4.90000     3.40000   111.32086
   5.00000     3.40000   111.33482
   0.10000     3.50000   111.32452
   0.20000     3.50000   111.22737
   0.30000     3.50000   111.09752
   0.40000     3.50000   110.72198
   0.50000     3.50000   109.59868
   0.60000     3.50000   107.30820
   0.70000     3.50000   106.17056
   0.80000     3.50000   106.22102
   0.90000     3.50000   107.55342
   1.00000     3.50000   110.16199
   1.10000     3.50000   111.37458
   1.20000     3.50000   111.32524
   1.30000     3.50000   111.31512
   1.40000     3.50000   111.35240
   1.50000     3.50000   111.28826
   1.60000     3.50000   111.31763
   1.70000     3.50000   111.31130
   1.80000     3.50000   111.34461
   1.90000     3.50000   111.29422
   2.00000     3.50000   111.34027
   2.10000     3.50000   111.34059
   2.20000     3.50000   111.34024
   2.30000     3.50000   111.33468
   2.40000     3.50000   111.30274
   2.50000     3.50000   111.29627
   2.60000     3.50000   111.32206
   2.70000     3.50000   111.34396
   2.80000     3.50000   111.30878
   2.90000     3.50000   111.32950
   3.00000     3.50000   111.32284
   3.10000     3.50000   111.35530
   3.20000     3.50000   111.33693
   3.30000     3.50000   111.33366
   3.40000     3.50000   111.30018
   3.50000     3.50000   111.29544
   3.60000     3.50000   111.28997
   3.70000     3.50000   111.32265
   3.80000     3.50000   111.30088
   3.90000     3.50000   111.32804
   4.00000     3.50000   111.30201
   4.10000     3.50000   111.33050
   4.20000     3.50000   111.33878
   4.30000     3.50000   111.30944
   4.40000     3.50000   111.35177
   4.50000     3.50000   111.30978
   4.60000     3.50000   111.28998
   4.70000     3.50000   111.30724
   4.80000     3.50000   111.34544
   4.90000     3.50000   111.31513
   5.00000     3.50000   111.34227
   0.10000     3.60000   111.28749
   0.20000     3.60000   111.17300
   0.30000     3.60000   111.05033
   0.40000     3.60000   110.71780
   0.50000     3.60000   109.67575
   0.60000     3.60000   107.27020
   0.70000     3.60000   106.02477
   0.80000     3.60000   106.40733
   0.90000     3.60000   107.98783
   1.00000     3.60000   110.85176
   1.10000     3.60000   111.38117
   1.20000     3.60000   111.32428
   1.30000     3.60000   111.29466
   1.40000     3.60000   111.33915
   1.50000     3.60000   111.32784
   1.60000     3.60000   111.35725
   1.70000     3.60000   111.33193
   1.80000     3.60000   111.33836
   1.90000     3.60000   111.34200
   2.00000     3.60000   111.32678
   2.10000     3.60000   111.30887
   2.20000     3.60000   111.31002
   2.30000     3.60000   111.34511
   2.40000     3.60000   111.33329
   2.50000     3.60000   111.31087
   2.60000     3.60000   111.31672
   2.70000     3.60000   111.34870
   2.80000     3.60000   111.31962
   2.90000     3.60000   111.33336
   3.00000     3.60000   111.28684
   3.10000     3.60000   111.33328
   3.20000     3.60000   111.32457
   3.30000     3.60000   111.34212
   3.40000     3.60000   111.29937
   3.50000     3.60000   111.33204
   3.60000     3.60000   111.31712
   3.70000     3.60000   111.32007
   3.80000     3.60000   111.36165
   3.90000     3.60000   111.33462
   4.00000     3.60000   111.34051
   4.10000     3.60000   111.34492
   4.20000     3.60000   111.32006
   4.30000     3.60000   111.32682
   4.40000     3.60000   111.35353
   4.50000     3.60000   111.35698
   4.60000     3.60000   111.31597
   4.70000     3.60000   111.32896
   4.80000     3.60000   111.35118
   4.90000     3.60000   111.34815
   5.00000     3.60000   111.32824
   0.10000     3.70000   111.27868
   0.20000     3.70000   111.17358
   0.30000     3.70000   111.04743
   0.40000     3.70000   110.69841
   0.50000     3.70000   109.30489
   0.60000     3.70000   106.87280
   0.70000     3.70000   106.08042
   0.80000     3.70000   106.44588
   0.90000     3.70000   108.28307
   1.00000     3.70000   111.16316
   1.10000     3.70000   111.38132
   1.20000     3.70000   111.30911
   1.30000     3.70000   111.31778
   1.40000     3.70000   111.32102
   1.50000     3.70000   111.32799
   1.60000     3.70000   111.35011
   1.70000     3.70000   111.32032
   1.80000     3.70000   111.31195
   1.90000     3.70000   111.33914
   2.00000     3.70000   111.34074
   2.10000     3.70000   111.34889
   2.20000     3.70000   111.31595
   2.30000     3.70000   111.31746
   2.40000     3.70000   111.34456
   2.50000     3.70000   111.33443
   2.60000     3.70000   111.33862
   2.70000     3.70000   111.33448
   2.80000     3.70000   111.32383
   2.90000     3.70000   111.31975
   3.00000     3.70000   111.32580
   3.10000     3.70000   111.29623
   3.20000     3.70000   111.33326
   3.30000     3.70000   111.35210
   3.40000     3.70000   111.33265
   3.50000     3.70000   111.31444
   3.60000     3.70000   111.31569
   3.70000     3.70000   111.33009
   3.80000     3.70000   111.31945
   3.90000     3.70000   111.29760
   4.00000     3.70000   111.32032
   4.10000     3.70000   111.34664
   4.20000     3.70000   111.31477
   4.30000     3.70000   111.31861
   4.40000     3.70000   111.32683
   4.50000     3.70000   111.32084
   4.60000     3.70000   111.28956
   4.70000     3.70000   111.31652
   4.80000     3.70000   111.33567
   4.90000     3.70000   111.33338
   5.00000     3.70000   111.34124
   0.10000     3.80000   111.29746
   0.20000     3.80000   111.16948
   0.30000     3.80000   111.04653
   0.40000     3.80000   110.52117
   0.50000     3.80000   109.06594
   0.60000     3.80000   107.09609
   0.70000     3.80000   106.15155
   0.80000     3.80000   106.73487
   0.90000     3.80000   108.99316
   1.00000     3.80000   111.35186
   1.10000     3.80000   111.38008
   1.20000     3.80000   111.34793
   1.30000     3.80000   111.32548
   1.40000     3.80000   111.33826
   1.50000     3.80000   111.33038
   1.60000     3.80000   111.33681
   1.70000     3.80000   111.34434
   1.80000     3.80000   111.32345
   1.90000     3.80000   111.34627
   2.00000     3.80000   111.23981
   2.10000     3.80000   111.34478
   2.20000     3.80000   111.31667
   2.30000     3.80000   111.35060
   2.40000     3.80000   111.33126
   2.50000     3.80000   111.34424
   2.60000     3.80000   111.33943
   2.70000     3.80000   111.32619
   2.80000     3.80000   111.34403
   2.90000     3.80000   111.34913
   3.00000     3.80000   111.33622
   3.10000     3.80000   111.31444
   3.20000     3.80000   111.34589
   3.30000     3.80000   111.32950
   3.40000     3.80000   111.32708
   3.50000     3.80000   111.33481
   3.60000     3.80000   111.33666
   3.70000     3.80000   111.31190
   3.80000     3.80000   111.32639
   3.90000     3.80000   111.35169
   4.00000     3.80000   111.30233
   4.10000     3.80000   111.32741
   4.20000     3.80000   111.30454
   4.30000     3.80000   111.34198
   4.40000     3.80000   111.32702
   4.50000     3.80000   111.32356
   4.60000     3.80000   111.33362
   4.70000     3.80000   111.32261
   4.80000     3.80000   111.29737
   4.90000     3.80000   111.35966
   5.00000     3.80000   111.32574
   0.10000     3.90000   111.30571
   0.20000     3.90000   111.20237
   0.30000     3.90000   111.12408
   0.40000     3.90000   110.66958
   0.50000     3.90000   108.90919
   0.60000     3.90000   106.67075
   0.70000     3.90000   105.99671
   0.80000     3.90000   106.82162
   0.90000     3.90000   109.40833
   1.00000     3.90000   111.36460
   1.10000     3.90000   111.37949
   1.20000     3.90000   111.32860
   1.30000     3.90000   111.30044
   1.40000     3.90000   111.31484
   1.50000     3.90000   111.34630
   1.60000     3.90000   111.31185
   1.70000     3.90000   111.30604
   1.80000     3.90000   111.30960
   1.90000     3.90000   111.35132
   2.00000     3.90000   111.31329
   2.10000     3.90000   111.32838
   2.20000     3.90000   111.31990
   2.30000     3.90000   111.34594
   2.40000     3.90000   111.31612
   2.50000     3.90000   111.33293
   2.60000     3.90000   111.32639
   2.70000     3.90000   111.32979
   2.80000     3.90000   111.30996
   2.90000     3.90000   111.30565
   3.00000     3.90000   111.29410
   3.10000     3.90000   111.33864
   3.20000     3.90000   111.30797
   3.30000     3.90000   111.31092
   3.40000     3.90000   111.31153
   3.50000     3.90000   111.31899
   3.60000     3.90000   111.32927
   3.70000     3.90000   111.31387
   3.80000     3.90000   111.33105
   3.90000     3.90000   111.35134
   4.00000     3.90000   111.30291
   4.10000     3.90000   111.33914
   4.20000     3.90000   111.32097
   4.30000     3.90000   111.33123
   4.40000     3.90000   111.32079
   4.50000     3.90000   111.30623
   4.60000     3.90000   111.32863
   4.70000     3.90000   111.33834
   4.80000     3.90000   111.33367
   4.90000     3.90000   111.32691
   5.00000     3.90000   111.30954
   0.10000     4.00000   111.28158
   0.20000     4.00000   111.16884
   0.30000     4.00000   110.97891
   0.40000     4.00000   110.24095
   0.50000     4.00000   108.71599
   0.60000     4.00000   106.46669
   0.70000     4.00000   106.04390
   0.80000     4.00000   107.00330
   0.90000     4.00000   109.93355
   1.00000     4.00000   111.37460
   1.10000     4.00000   111.30801
   1.20000     4.00000   111.34078
   1.30000     4.00000   111.34144
   1.40000     4.00000   111.33677
   1.50000     4.00000   111.33071
   1.60000     4.00000   111.28475
   1.70000     4.00000   111.35952
   1.80000     4.00000   111.34237
   1.90000     4.00000   111.30918
   2.00000     4.00000   111.31464
   2.10000     4.00000   111.31574
   2.20000     4.00000   111.31174
   2.30000     4.00000   111.30539
   2.40000     4.00000   111.32085
   2.50000     4.00000   111.32644
   2.60000     4.00000   111.33931
   2.70000     4.00000   111.34802
   2.80000     4.00000   111.33499
   2.90000     4.00000   111.27829
   3.00000     4.00000   111.34003
   3.10000     4.00000   111.33009
   3.20000     4.00000   111.31229
   3.30000     4.00000   111.30873
   3.40000     4.00000   111.32041
   3.50000     4.00000   111.28643
   3.60000     4.00000   111.31537
   3.70000     4.00000   111.35174
   3.80000     4.00000   111.31561
   3.90000     4.00000   111.30599
   4.00000     4.00000   111.30731
   4.10000     4.00000   111.29054
   4.20000     4.00000   111.33994
   4.30000     4.00000   111.32153
   4.40000     4.00000   111.32820
   4.50000     4.00000   111.30745
   4.60000     4.00000   111.31250
   4.70000     4.00000   111.32478
   4.80000     4.00000   111.32422
   4.90000     4.00000   111.30062
   5.00000     4.00000   111.32273
   0.10000     4.10000   111.27588
   0.20000     4.10000   111.23957
   0.30000     4.10000   111.01246
   0.40000     4.10000   110.34767
   0.50000     4.10000   108.44459
   0.60000     4.10000   106.26235
   0.70000     4.10000   106.11665
   0.80000     4.10000   107.32901
   0.90000     4.10000   110.24179
   1.00000     4.10000   111.37887
   1.10000     4.10000   111.32517
   1.20000     4.10000   111.32163
   1.30000     4.10000   111.34079
   1.40000     4.10000   111.30502
   1.50000     4.10000   111.32140
   1.60000     4.10000   111.30072
   1.70000     4.10000   111.33977
   1.80000     4.10000   111.29272
   1.90000     4.10000   111.33466
   2.00000     4.10000   111.32103
   2.10000     4.10000   111.32869
   2.20000     4.10000   111.30893
   2.30000     4.10000   111.31856
   2.40000     4.10000   111.33142
   2.50000     4.10000   111.30360
   2.60000     4.10000   111.33853
   2.70000     4.10000   111.33935
   2.80000     4.10000   111.33417
   2.90000     4.10000   111.30798
   3.00000     4.10000   111.32474
   3.10000     4.10000   111.32599
   3.20000     4.10000   111.32672
   3.30000     4.10000   111.32676
   3.40000     4.10000   111.32304
   3.50000     4.10000   111.32347
   3.60000     4.10000   111.32925
   3.70000     4.10000   111.32405
   3.80000     4.10000   111.32240
   3.90000     4.10000   111.31123
   4.00000     4.10000   111.30923
   4.10000     4.10000   111.34248
   4.20000     4.10000   111.33025
   4.30000     4.10000   111.28404
   4.40000     4.10000   111.32990
   4.50000     4.10000   111.33302
   4.60000     4.10000   111.32039
   4.70000     4.10000   111.32571
   4.80000     4.10000   111.31365
   4.90000     4.10000   111.31281
   5.00000     4.10000   111.32971
   0.10000     4.20000   111.31142
   0.20000     4.20000   111.22567
   0.30000     4.20000   110.91190
   0.40000     4.20000   110.42287
   0.50000     4.20000   108.37793
   0.60000     4.20000   106.14705
   0.70000     4.20000   106.20663
   0.80000     4.20000   107.63879
   0.90000     4.20000   110.84708
   1.00000     4.20000   111.38006
   1.10000     4.20000   111.32362
   1.20000     4.20000   111.33075
   1.30000     4.20000   111.32919
   1.40000     4.20000   111.27503
   1.50000     4.20000   111.31627
   1.60000     4.20000   111.34343
   1.70000     4.20000   111.35319
   1.80000     4.20000   111.32432
   1.90000     4.20000   111.31515
   2.00000     4.20000   111.31245
   2.10000     4.20000   111.31631
   2.20000     4.20000   111.29110
   2.30000     4.20000   111.33924
   2.40000     4.20000   111.30965
   2.50000     4.20000   111.33532
   2.60000     4.20000   111.34340
   2.70000     4.20000   111.33087
   2.80000     4.20000   111.33114
   2.90000     4.20000   111.35941
   3.00000     4.20000   111.31265
   3.10000     4.20000   111.31472
   3.20000     4.20000   111.33924
   3.30000     4.20000   111.33037
   3.40000     4.20000   111.32532
   3.50000     4.20000   111.33271
   3.60000     4.20000   111.33802
   3.70000     4.20000   111.32048
   3.80000     4.20000   111.33701
   3.90000     4.20000   111.28443
   4.00000     4.20000   111.34686
   4.10000     4.20000   111.32987
   4.20000     4.20000   111.33120
   4.30000     4.20000   111.35384
   4.40000     4.20000   111.32269
   4.50000     4.20000   111.33881
   4.60000     4.20000   111.31197
   4.70000     4.20000   111.31948
   4.80000     4.20000   111.33183
   4.90000     4.20000   111.35689
   5.00000     4.20000   111.33948
   0.10000     4.30000   111.25454
   0.20000     4.30000   111.14601
   0.30000     4.30000   110.92503
   0.40000     4.30000   110.06045
   0.50000     4.30000   107.99704
   0.60000     4.30000   106.04610
   0.70000     4.30000   106.28830
   0.80000     4.30000   108.09743
   0.90000     4.30000   111.10494
   1.00000     4.30000   111.37565
   1.10000     4.30000   111.33356
   1.20000     4.30000   111.31450
   1.30000     4.30000   111.32035
   1.40000     4.30000   111.34225
   1.50000     4.30000   111.35782
   1.60000     4.30000   111.31951
   1.70000     4.30000   111.32120
   1.80000     4.30000   111.31936
   1.90000     4.30000   111.31157
   2.00000     4.30000   111.34441
   2.10000     4.30000   111.31479
   2.20000     4.30000   111.29091
   2.30000     4.30000   111.33644
   2.40000     4.30000   111.30448
   2.50000     4.30000   111.32049
   2.60000     4.30000   111.34958
   2.70000     4.30000   111.30082
   2.80000     4.30000   111.34460
   2.90000     4.30000   111.34629
   3.00000     4.30000   111.31730
   3.10000     4.30000   111.32726
   3.20000     4.30000   111.33452
   3.30000     4.30000   111.32575
   3.40000     4.30000   111.32357
   3.50000     4.30000   111.32106
   3.60000     4.30000   111.32903
   3.70000     4.30000   111.32483
   3.80000     4.30000   111.30921
   3.90000     4.30000   111.30510
   4.00000     4.30000   111.32792
   4.10000     4.30000   111.33772
   4.20000     4.30000   111.31194
   4.30000     4.30000   111.33453
   4.40000     4.30000   111.36284
   4.50000     4.30000   111.32027
   4.60000     4.30000   111.33719
   4.70000     4.30000   111.34560
   4.80000     4.30000   111.34053
   4.90000     4.30000   111.30414
   5.00000     4.30000   111.34051
   0.10000     4.40000   111.29928
   0.20000     4.40000   111.13053
   0.30000     4.40000   110.87425
   0.40000     4.40000   110.21364
   0.50000     4.40000   107.77620
   0.60000     4.40000   106.09184
   0.70000     4.40000   106.31338
   0.80000     4.40000   108.30676
   0.90000     4.40000   111.28350
   1.00000     4.40000   111.38539
   1.10000     4.40000   111.32079
   1.20000     4.40000   111.27251
   1.30000     4.40000   111.35171
   1.40000     4.40000   111.35073
   1.50000     4.40000   111.32128
   1.60000     4.40000   111.31207
   1.70000     4.40000   111.33530
   1.80000     4.40000   111.34092
   1.90000     4.40000   111.29626
   2.00000     4.40000   111.31877
   2.10000     4.40000   111.35270
   2.20000     4.40000   111.33304
   2.30000     4.40000   111.30063
   2.40000     4.40000   111.35229
   2.50000     4.40000   111.32586
   2.60000     4.40000   111.34311
   2.70000     4.40000   111.31462
   2.80000     4.40000   111.34639
   2.90000     4.40000   111.32990
   3.00000     4.40000   111.31510
   3.10000     4.40000   111.33493
   3.20000     4.40000   111.31407
   3.30000     4.40000   111.28382
   3.40000     4.40000   111.33604
   3.50000     4.40000   111.27104
   3.60000     4.40000   111.26853
   3.70000     4.40000   111.34317
   3.80000     4.40000   111.32954
   3.90000     4.40000   111.31120
   4.00000     4.40000   111.33064
   4.10000     4.40000   111.33582
   4.20000     4.40000   111.33554
   4.30000     4.40000   111.31756
   4.40000     4.40000   111.32582
   4.50000     4.40000   111.30975
   4.60000     4.40000   111.35654
   4.70000     4.40000   111.33358
   4.80000     4.40000   111.33009
   4.90000     4.40000   111.32639
   5.00000     4.40000   111.30175
   0.10000     4.50000   111.30003
   0.20000     4.50000   111.10787
   0.30000     4.50000   111.03593
   0.40000     4.50000   110.06807
   0.50000     4.50000   107.58900
   0.60000     4.50000   106.06832
   0.70000     4.50000   106.46282
   0.80000     4.50000   108.82377
   0.90000     4.50000   111.36625
   1.00000     4.50000   111.38598
   1.10000     4.50000   111.32356
   1.20000     4.50000   111.32998
   1.30000     4.50000   111.27714
   1.40000     4.50000   111.33794
   1.50000     4.50000   111.31832
   1.60000     4.50000   111.35784
   1.70000     4.50000   111.31342
   1.80000     4.50000   111.32719
   1.90000     4.50000   111.34553
   2.00000     4.50000   111.31692
   2.10000     4.50000   111.32413
   2.20000     4.50000   111.34474
   2.30000     4.50000   111.33499
   2.40000     4.50000   111.31902
   2.50000     4.50000   111.32624
   2.60000     4.50000   111.31383
   2.70000     4.50000   111.33593
   2.80000     4.50000   111.32177
   2.90000     4.50000   111.32367
   3.00000     4.50000   111.29463
   3.10000     4.50000   111.34217
   3.20000     4.50000   111.32419
   3.30000     4.50000   111.31524
   3.40000     4.50000   111.33397
   3.50000     4.50000   111.32721
   3.60000     4.50000   111.32034
   3.70000     4.50000   111.35842
   3.80000     4.50000   111.32434
   3.90000     4.50000   111.34397
   4.00000     4.50000   111.35788
   4.10000     4.50000   111.31874
   4.20000     4.50000   111.32968
   4.30000     4.50000   111.34153
   4.40000     4.50000   111.32416
   4.50000     4.50000   111.32996
   4.60000     4.50000   111.33503
   4.70000     4.50000   111.31500
   4.80000     4.50000   111.33460
   4.90000     4.50000   111.31781
   5.00000     4.50000   111.31651
   0.10000     4.60000   111.29035
   0.20000     4.60000   111.16278
   0.30000     4.60000   110.85048
   0.40000     4.60000   109.93797
   0.50000     4.60000   107.51400
   0.60000     4.60000   106.09341
   0.70000     4.60000   106.55618
   0.80000     4.60000   109.20985
   0.90000     4.60000   111.37587
   1.00000     4.60000   111.38063
   1.10000     4.60000   111.31225
   1.20000     4.60000   111.35633
   1.30000     4.60000   111.28891
   1.40000     4.60000   111.30968
   1.50000     4.60000   111.34104
   1.60000     4.60000   111.33217
   1.70000     4.60000   111.33774
   1.80000     4.60000   111.32879
   1.90000     4.60000   111.34615
   2.00000     4.60000   111.25415
   2.10000     4.60000   111.32849
   2.20000     4.60000   111.34145
   2.30000     4.60000   111.33122
   2.40000     4.60000   111.34835
   2.50000     4.60000   111.32967
   2.60000     4.60000   111.30826
   2.70000     4.60000   111.32848
   2.80000     4.60000   111.32637
   2.90000     4.60000   111.34111
   3.00000     4.60000   111.31908
   3.10000     4.60000   111.32647
   3.20000     4.60000   111.35482
   3.30000     4.60000   111.32605
   3.40000     4.60000   111.32339
   3.50000     4.60000   111.30123
   3.60000     4.60000   111.31636
   3.70000     4.60000   111.32344
   3.80000     4.60000   111.32491
   3.90000     4.60000   111.33194
   4.00000     4.60000   111.33282
   4.10000     4.60000   111.31898
   4.20000     4.60000   111.34573
   4.30000     4.60000   111.34070
   4.40000     4.60000   111.30754
   4.50000     4.60000   111.34845
   4.60000     4.60000   111.32840
   4.70000     4.60000   111.31885
   4.80000     4.60000   111.31397
   4.90000     4.60000   111.33369
   5.00000     4.60000   111.34250
   0.10000     4.70000   111.29620
   0.20000     4.70000   111.13303
   0.30000     4.70000   110.87736
   0.40000     4.70000   109.88074
   0.50000     4.70000   106.96449
   0.60000     4.70000   106.03691
   0.70000     4.70000   106.82099
   0.80000     4.70000   109.90482
   0.90000     4.70000   111.37349
   1.00000     4.70000   111.38055
   1.10000     4.70000   111.26568
   1.20000     4.70000   111.31426
   1.30000     4.70000   111.29868
   1.40000     4.70000   111.35160
   1.50000     4.70000   111.32460
   1.60000     4.70000   111.32424
   1.70000     4.70000   111.33762
   1.80000     4.70000   111.31110
   1.90000     4.70000   111.32368
   2.00000     4.70000   111.30567
   2.10000     4.70000   111.32444
   2.20000     4.70000   111.36231
   2.30000     4.70000   111.29942
   2.40000     4.70000   111.33761
   2.50000     4.70000   111.34091
   2.60000     4.70000   111.32579
   2.70000     4.70000   111.31386
   2.80000     4.70000   111.31884
   2.90000     4.70000   111.34647
   3.00000     4.70000   111.29669
   3.10000     4.70000   111.32986
   3.20000     4.70000   111.34063
   3.30000     4.70000   111.31179
   3.40000     4.70000   111.33973
   3.50000     4.70000   111.32063
   3.60000     4.70000   111.32141
   3.70000     4.70000   111.33757
   3.80000     4.70000   111.33185
   3.90000     4.70000   111.32156
   4.00000     4.70000   111.33796
   4.10000     4.70000   111.31502
   4.20000     4.70000   111.32481
   4.30000     4.70000   111.34215
   4.40000     4.70000   111.29936
   4.50000     4.70000   111.35179
   4.60000     4.70000   111.33456
   4.70000     4.70000   111.33620
   4.80000     4.70000   111.33988
   4.90000     4.70000   111.32477
   5.00000     4.70000   111.32466
   0.10000     4.80000   111.30500
   0.20000     4.80000   111.21392
   0.30000     4.80000   110.87709
   0.40000     4.80000   109.67551
   0.50000     4.80000   107.04526
   0.60000     4.80000   105.88587
   0.70000     4.80000   106.90026
   0.80000     4.80000   109.99569
   0.90000     4.80000   111.37525
   1.00000     4.80000   111.37753
   1.10000     4.80000   111.30844
   1.20000     4.80000   111.32915
   1.30000     4.80000   111.32859
   1.40000     4.80000   111.31595
   1.50000     4.80000   111.33353
   1.60000     4.80000   111.34099
   1.70000     4.80000   111.30368
   1.80000     4.80000   111.34864
   1.90000     4.80000   111.31600
   2.00000     4.80000   111.31702
   2.10000     4.80000   111.32419
   2.20000     4.80000   111.32365
   2.30000     4.80000   111.33784
   2.40000     4.80000   111.34317
   2.50000     4.80000   111.31494
   2.60000     4.80000   111.32453
   2.70000     4.80000   111.30550
   2.80000     4.80000   111.32346
   2.90000     4.80000   111.32449
   3.00000     4.80000   111.35822
   3.10000     4.80000   111.31001
   3.20000     4.80000   111.28779
   3.30000     4.80000   111.34392
   3.40000     4.80000   111.26552
   3.50000     4.80000   111.33130
   3.60000     4.80000   111.33526
   3.70000     4.80000   111.30703
   3.80000     4.80000   111.30829
   3.90000     4.80000   111.34049
   4.00000     4.80000   111.33747
   4.10000     4.80000   111.28675
   4.20000     4.80000   111.29961
   4.30000     4.80000   111.33507
   4.40000     4.80000   111.30706
   4.50000     4.80000   111.31499
   4.60000     4.80000   111.34148
   4.70000     4.80000   111.34445
   4.80000     4.80000   111.33653
   4.90000     4.80000   111.36432
   5.00000     4.80000   111.32893
   0.10000     4.90000   111.29139
   0.20000     4.90000   111.15706
   0.30000     4.90000   110.87011
   0.40000     4.90000   109.54504
   0.50000     4.90000   107.00489
   0.60000     4.90000   106.06862
   0.70000     4.90000   107.15712
   0.80000     4.90000   110.69277
   0.90000     4.90000   111.38254
   1.00000     4.90000   111.37169
   1.10000     4.90000   111.29947
   1.20000     4.90000   111.35623
   1.30000     4.90000   111.35695
   1.40000     4.90000   111.32365
   1.50000     4.90000   111.36018
   1.60000     4.90000   111.30323
   1.70000     4.90000   111.32329
   1.80000     4.90000   111.31410
   1.90000     4.90000   111.33021
   2.00000     4.90000   111.31303
   2.10000     4.90000   111.32841
   2.20000     4.90000   111.32856
   2.30000     4.90000   111.30636
   2.40000     4.90000   111.34921
   2.50000     4.90000   111.32669
   2.60000     4.90000   111.30493
   2.70000     4.90000   111.32333
   2.80000     4.90000   111.31333
   2.90000     4.90000   111.32885
   3.00000     4.90000   111.31091
   3.10000     4.90000   111.31010
   3.20000     4.90000   111.30808
   3.30000     4.90000   111.34469
   3.40000     4.90000   111.33794
   3.50000     4.90000   111.32440
   3.60000     4.90000   111.32766
   3.70000     4.90000   111.33272
   3.80000     4.90000   111.31590
   3.90000     4.90000   111.32589
   4.00000     4.90000   111.33761
   4.10000     4.90000   111.33382
   4.20000     4.90000   111.35549
   4.30000     4.90000   111.30957
   4.40000     4.90000   111.36370
   4.50000     4.90000   111.34022
   4.60000     4.90000   111.30968
   4.70000     4.90000   111.33673
   4.80000     4.90000   111.31342
   4.90000     4.90000   111.32558
   5.00000     4.90000   111.34784
   0.10000     5.00000   111.28565
   0.20000     5.00000   111.08287
   0.30000     5.00000   110.90084
   0.40000     5.00000   109.40204
   0.50000     5.00000   106.79339
   0.60000     5.00000   105.96007
   0.70000     5.00000   107.40775
   0.80000     5.00000   110.95729
   0.90000     5.00000   111.38202
   1.00000     5.00000   111.38714
   1.10000     5.00000   111.31955
   1.20000     5.00000   111.33496
   1.30000     5.00000   111.32902
   1.40000     5.00000   111.31156
   1.50000     5.00000   111.30810
   1.60000     5.00000   111.30948
   1.70000     5.00000   111.35320
   1.80000     5.00000   111.32450
   1.90000     5.00000   111.34922
   2.00000     5.00000   111.31871
   2.10000     5.00000   111.32968
   2.20000     5.00000   111.31887
   2.30000     5.00000   111.31276
   2.40000     5.00000   111.34112
   2.50000     5.00000   111.31437
   2.60000     5.00000   111.32870
   2.70000     5.00000   111.34493
   2.80000     5.00000   111.29678
   2.90000     5.00000   111.33436
   3.00000     5.00000   111.28563
   3.10000     5.00000   111.33158
   3.20000     5.00000   111.32195
   3.30000     5.00000   111.31568
   3.40000     5.00000   111.32398
   3.50000     5.00000   111.35189
   3.60000     5.00000   111.30475
   3.70000     5.00000   111.33785
   3.80000     5.00000   111.32591
   3.90000     5.00000   111.31190
   4.00000     5.00000   111.30162
   4.10000     5.00000   111.33414
   4.20000     5.00000   111.35695
   4.30000     5.00000   111.31170
   4.40000     5.00000   111.34530
   4.50000     5.00000   111.30560
   4.60000     5.00000   111.29036
   4.70000     5.00000   111.30516
   4.80000     5.00000   111.27305
   4.90000     5.00000   111.29744
   5.00000     5.00000   111.32065
