#     r         beta        Ep   
   0.10000     0.10000    44.02523
   0.20000     0.10000    43.97128
   0.30000     0.10000    43.43996
   0.40000     0.10000    43.53643
   0.50000     0.10000    43.39456
   0.60000     0.10000    43.18942
   0.70000     0.10000    42.87513
   0.80000     0.10000    43.08141
   0.90000     0.10000    42.66099
   1.00000     0.10000    42.91404
   1.10000     0.10000    42.51280
   1.20000     0.10000    42.57497
   1.30000     0.10000    42.40498
   1.40000     0.10000    42.54658
   1.50000     0.10000    42.42342
   1.60000     0.10000    42.68599
   1.70000     0.10000    42.25317
   1.80000     0.10000    42.61900
   1.90000     0.10000    42.53504
   2.00000     0.10000    42.54614
   2.10000     0.10000    42.05346
   2.20000     0.10000    42.95105
   2.30000     0.10000    42.77208
   2.40000     0.10000    42.64479
   2.50000     0.10000    42.89776
   2.60000     0.10000    43.00813
   2.70000     0.10000    42.84874
   2.80000     0.10000    43.16065
   2.90000     0.10000    43.01478
   3.00000     0.10000    43.10095
   3.10000     0.10000    43.43693
   3.20000     0.10000    43.38886
   3.30000     0.10000    43.30002
   3.40000     0.10000    43.70710
   3.50000     0.10000    43.62168
   3.60000     0.10000    43.50967
   3.70000     0.10000    43.51623
   3.80000     0.10000    43.43576
   3.90000     0.10000    43.62865
   4.00000     0.10000    43.63980
   4.10000     0.10000    43.94529
   4.20000     0.10000    43.67795
   4.30000     0.10000    43.71906
   4.40000     0.10000    43.64436
   4.50000     0.10000    43.60251
   4.60000     0.10000    43.81248
   4.70000     0.10000    43.55905
   4.80000     0.10000    44.05848
   4.90000     0.10000    43.72103
   5.00000     0.10000    43.92762
   0.10000     0.20000    43.68390
   0.20000     0.20000    43.67089
   0.30000     0.20000    43.50262
   0.40000     0.20000    43.23499
   0.50000     0.20000    43.13192
   0.60000     0.20000    43.19802
   0.70000     0.20000    42.66543
   0.80000     0.20000    42.21930
   0.90000     0.20000    41.73964
   1.00000     0.20000    41.28458
   1.10000     0.20000    41.00402
   1.20000     0.20000    40.59974
   1.30000     0.20000    41.07255
   1.40000     0.20000    41.23968
   1.50000     0.20000    41.11852
   1.60000     0.20000    41.38163
   1.70000     0.20000    41.77530
   1.80000     0.20000    42.28725
   1.90000     0.20000    42.58363
   2.00000     0.20000    42.85530
   2.10000     0.20000    42.92920
   2.20000     0.20000    43.23267
   2.30000     0.20000    43.51248
   2.40000     0.20000    43.61654
   2.50000     0.20000    43.65059
   2.60000     0.20000    43.78718
   2.70000     0.20000    43.43659
   2.80000     0.20000    43.83938
   2.90000     0.20000    43.84576
   3.00000     0.20000    44.03037
   3.10000     0.20000    43.52110
   3.20000     0.20000    43.83876
   3.30000     0.20000    44.10941
   3.40000     0.20000    43.84507
   3.50000     0.20000    43.90275
   3.60000     0.20000    43.88577
   3.70000     0.20000    43.99122
   3.80000     0.20000    43.93381
   3.90000     0.20000    43.93615
   4.00000     0.20000    43.89025
   4.10000     0.20000    43.97648
   4.20000     0.20000    43.64784
   4.30000     0.20000    43.79275
   4.40000     0.20000    43.93896
   4.50000     0.20000    44.04165
   4.60000     0.20000    43.87580
   4.70000     0.20000    43.72583
   4.80000     0.20000    43.61400
   4.90000     0.20000    43.93216
   5.00000     0.20000    43.89512
   0.10000     0.30000    43.73846
   0.20000     0.30000    43.53171
   0.30000     0.30000    43.43029
   0.40000     0.30000    43.15821
   0.50000     0.30000    43.23126
   0.60000     0.30000    43.23738
   0.70000     0.30000    43.02280
   0.80000     0.30000    42.42909
   0.90000     0.30000    42.33491
   1.00000     0.30000    42.20911
   1.10000     0.30000    42.43390
   1.20000     0.30000    41.78666
   1.30000     0.30000    41.51062
   1.40000     0.30000    41.22923
   1.50000     0.30000    41.30790
   1.60000     0.30000    42.02577
   1.70000     0.30000    42.56957
   1.80000     0.30000    43.25702
   1.90000     0.30000    43.46616
   2.00000     0.30000    43.28900
   2.10000     0.30000    43.95668
   2.20000     0.30000    43.90691
   2.30000     0.30000    43.78152
   2.40000     0.30000    43.95549
   2.50000     0.30000    43.66557
   2.60000     0.30000    43.71947
   2.70000     0.30000    43.77489
   2.80000     0.30000    43.88597
   2.90000     0.30000    44.01680
   3.00000     0.30000    43.86601
   3.10000     0.30000    43.82681
   3.20000     0.30000    43.78686
   3.30000     0.30000    43.73946
   3.40000     0.30000    43.95635
   3.50000     0.30000    43.85183
   3.60000     0.30000    43.62708
   3.70000     0.30000    43.78795
   3.80000     0.30000    43.93740
   3.90000     0.30000    44.06909
   4.00000     0.30000    43.84404
   4.10000     0.30000    43.80131
   4.20000     0.30000    43.93982
   4.30000     0.30000    44.06741
   4.40000     0.30000    43.88966
   4.50000     0.30000    43.68354
   4.60000     0.30000    43.69619
   4.70000     0.30000    44.15059
   4.80000     0.30000    43.80893
   4.90000     0.30000    43.89352
   5.00000     0.30000    44.14418
   0.10000     0.40000    43.30355
   0.20000     0.40000    43.21141
   0.30000     0.40000    43.86723
   0.40000     0.40000    43.38006
   0.50000     0.40000    43.10774
   0.60000     0.40000    43.10689
   0.70000     0.40000    43.17129
   0.80000     0.40000    42.38030
   0.90000     0.40000    42.77188
   1.00000     0.40000    42.03692
   1.10000     0.40000    42.17940
   1.20000     0.40000    41.64284
   1.30000     0.40000    41.39207
   1.40000     0.40000    40.75813
   1.50000     0.40000    40.99647
   1.60000     0.40000    40.87790
   1.70000     0.40000    40.19510
   1.80000     0.40000    40.17151
   1.90000     0.40000    43.69663
   2.00000     0.40000    43.64880
   2.10000     0.40000    44.23105
   2.20000     0.40000    43.76057
   2.30000     0.40000    43.92269
   2.40000     0.40000    44.06195
   2.50000     0.40000    43.94356
   2.60000     0.40000    43.64002
   2.70000     0.40000    43.73015
   2.80000     0.40000    43.75684
   2.90000     0.40000    43.79177
   3.00000     0.40000    43.87268
   3.10000     0.40000    43.88385
   3.20000     0.40000    43.80258
   3.30000     0.40000    44.04555
   3.40000     0.40000    43.77080
   3.50000     0.40000    43.87932
   3.60000     0.40000    43.80976
   3.70000     0.40000    43.82654
   3.80000     0.40000    43.81839
   3.90000     0.40000    43.57147
   4.00000     0.40000    43.85666
   4.10000     0.40000    43.88777
   4.20000     0.40000    43.92909
   4.30000     0.40000    43.72623
   4.40000     0.40000    44.08641
   4.50000     0.40000    43.43337
   4.60000     0.40000    43.84024
   4.70000     0.40000    44.34025
   4.80000     0.40000    43.69843
   4.90000     0.40000    43.89408
   5.00000     0.40000    44.21858
   0.10000     0.50000    43.65980
   0.20000     0.50000    43.60360
   0.30000     0.50000    43.36247
   0.40000     0.50000    43.42078
   0.50000     0.50000    42.96710
   0.60000     0.50000    42.80554
   0.70000     0.50000    42.78444
   0.80000     0.50000    42.42298
   0.90000     0.50000    41.99714
   1.00000     0.50000    41.86877
   1.10000     0.50000    41.63876
   1.20000     0.50000    41.30590
   1.30000     0.50000    41.02323
   1.40000     0.50000    40.66109
   1.50000     0.50000    40.27289
   1.60000     0.50000    40.08753
   1.70000     0.50000    39.57511
   1.80000     0.50000    39.51578
   1.90000     0.50000    39.35528
   2.00000     0.50000    38.97704
   2.10000     0.50000    43.87555
   2.20000     0.50000    43.86784
   2.30000     0.50000    43.63706
   2.40000     0.50000    44.13191
   2.50000     0.50000    43.91485
   2.60000     0.50000    44.03040
   2.70000     0.50000    44.06013
   2.80000     0.50000    43.94016
   2.90000     0.50000    43.97212
   3.00000     0.50000    43.91679
   3.10000     0.50000    43.75970
   3.20000     0.50000    43.76890
   3.30000     0.50000    44.02202
   3.40000     0.50000    43.67759
   3.50000     0.50000    43.72247
   3.60000     0.50000    43.79335
   3.70000     0.50000    44.25845
   3.80000     0.50000    43.93103
   3.90000     0.50000    43.93495
   4.00000     0.50000    44.09439
   4.10000     0.50000    43.93617
   4.20000     0.50000    43.68832
   4.30000     0.50000    43.97345
   4.40000     0.50000    43.94778
   4.50000     0.50000    44.11818
   4.60000     0.50000    43.97465
   4.70000     0.50000    43.92678
   4.80000     0.50000    43.66799
   4.90000     0.50000    43.80019
   5.00000     0.50000    43.90730
   0.10000     0.60000    43.94863
   0.20000     0.60000    43.70031
   0.30000     0.60000    43.23934
   0.40000     0.60000    43.24553
   0.50000     0.60000    42.89797
   0.60000     0.60000    42.71990
   0.70000     0.60000    42.60200
   0.80000     0.60000    42.15453
   0.90000     0.60000    42.14613
   1.00000     0.60000    41.36310
   1.10000     0.60000    41.29044
   1.20000     0.60000    40.85128
   1.30000     0.60000    40.40115
   1.40000     0.60000    40.23479
   1.50000     0.60000    39.84920
   1.60000     0.60000    39.59728
   1.70000     0.60000    39.23110
   1.80000     0.60000    38.82902
   1.90000     0.60000    38.44228
   2.00000     0.60000    38.20277
   2.10000     0.60000    43.78200
   2.20000     0.60000    43.86390
   2.30000     0.60000    44.01375
   2.40000     0.60000    43.88882
   2.50000     0.60000    43.80996
   2.60000     0.60000    43.73824
   2.70000     0.60000    44.02122
   2.80000     0.60000    43.80601
   2.90000     0.60000    43.71255
   3.00000     0.60000    44.00533
   3.10000     0.60000    43.62357
   3.20000     0.60000    44.03243
   3.30000     0.60000    43.90597
   3.40000     0.60000    44.07594
   3.50000     0.60000    43.94516
   3.60000     0.60000    43.80484
   3.70000     0.60000    44.05711
   3.80000     0.60000    43.94417
   3.90000     0.60000    44.11479
   4.00000     0.60000    43.92600
   4.10000     0.60000    44.00939
   4.20000     0.60000    43.81827
   4.30000     0.60000    43.69409
   4.40000     0.60000    44.15602
   4.50000     0.60000    43.91423
   4.60000     0.60000    43.75923
   4.70000     0.60000    44.00545
   4.80000     0.60000    44.18193
   4.90000     0.60000    43.85680
   5.00000     0.60000    43.71681
   0.10000     0.70000    43.63415
   0.20000     0.70000    43.17710
   0.30000     0.70000    43.06466
   0.40000     0.70000    43.27883
   0.50000     0.70000    42.85743
   0.60000     0.70000    42.46827
   0.70000     0.70000    42.28871
   0.80000     0.70000    41.78758
   0.90000     0.70000    41.61288
   1.00000     0.70000    41.25206
   1.10000     0.70000    41.12279
   1.20000     0.70000    40.78470
   1.30000     0.70000    40.28457
   1.40000     0.70000    39.71852
   1.50000     0.70000    39.24113
   1.60000     0.70000    39.34871
   1.70000     0.70000    38.43383
   1.80000     0.70000    38.09620
   1.90000     0.70000    37.95557
   2.00000     0.70000    37.57774
   2.10000     0.70000    44.00319
   2.20000     0.70000    43.80558
   2.30000     0.70000    43.91386
   2.40000     0.70000    43.94003
   2.50000     0.70000    44.32878
   2.60000     0.70000    43.92220
   2.70000     0.70000    43.80137
   2.80000     0.70000    43.87088
   2.90000     0.70000    44.05665
   3.00000     0.70000    43.82525
   3.10000     0.70000    43.89788
   3.20000     0.70000    44.08425
   3.30000     0.70000    44.17323
   3.40000     0.70000    43.56545
   3.50000     0.70000    43.95740
   3.60000     0.70000    43.70363
   3.70000     0.70000    43.56329
   3.80000     0.70000    43.76365
   3.90000     0.70000    44.04766
   4.00000     0.70000    43.82807
   4.10000     0.70000    44.10463
   4.20000     0.70000    43.91299
   4.30000     0.70000    44.15732
   4.40000     0.70000    43.71334
   4.50000     0.70000    43.79201
   4.60000     0.70000    43.94336
   4.70000     0.70000    44.06807
   4.80000     0.70000    43.92544
   4.90000     0.70000    43.88255
   5.00000     0.70000    44.07438
   0.10000     0.80000    43.62193
   0.20000     0.80000    43.43766
   0.30000     0.80000    43.12212
   0.40000     0.80000    42.76635
   0.50000     0.80000    42.54899
   0.60000     0.80000    42.28387
   0.70000     0.80000    41.99648
   0.80000     0.80000    41.73363
   0.90000     0.80000    41.33953
   1.00000     0.80000    40.94272
   1.10000     0.80000    40.34796
   1.20000     0.80000    40.08982
   1.30000     0.80000    39.62377
   1.40000     0.80000    39.22558
   1.50000     0.80000    38.66108
   1.60000     0.80000    38.30631
   1.70000     0.80000    38.00290
   1.80000     0.80000    37.80723
   1.90000     0.80000    37.49130
   2.00000     0.80000    37.06683
   2.10000     0.80000    44.29899
   2.20000     0.80000    43.78133
   2.30000     0.80000    43.88975
   2.40000     0.80000    43.94027
   2.50000     0.80000    43.64089
   2.60000     0.80000    44.19442
   2.70000     0.80000    43.87000
   2.80000     0.80000    43.71574
   2.90000     0.80000    43.73160
   3.00000     0.80000    43.81098
   3.10000     0.80000    43.89365
   3.20000     0.80000    43.85713
   3.30000     0.80000    44.07039
   3.40000     0.80000    43.75006
   3.50000     0.80000    43.93147
   3.60000     0.80000    43.85022
   3.70000     0.80000    43.35940
   3.80000     0.80000    43.78867
   3.90000     0.80000    43.75128
   4.00000     0.80000    43.94530
   4.10000     0.80000    43.66652
   4.20000     0.80000    44.07037
   4.30000     0.80000    43.96333
   4.40000     0.80000    44.09045
   4.50000     0.80000    43.78931
   4.60000     0.80000    43.89428
   4.70000     0.80000    43.93937
   4.80000     0.80000    43.73181
   4.90000     0.80000    43.50158
   5.00000     0.80000    43.81255
   0.10000     0.90000    43.52784
   0.20000     0.90000    43.61818
   0.30000     0.90000    43.41120
   0.40000     0.90000    42.79641
   0.50000     0.90000    42.59599
   0.60000     0.90000    42.24133
   0.70000     0.90000    42.10032
   0.80000     0.90000    41.36787
   0.90000     0.90000    40.94326
   1.00000     0.90000    40.61120
   1.10000     0.90000    39.85656
   1.20000     0.90000    39.59522
   1.30000     0.90000    39.17008
   1.40000     0.90000    38.70748
   1.50000     0.90000    38.14087
   1.60000     0.90000    38.01894
   1.70000     0.90000    37.62403
   1.80000     0.90000    37.14614
   1.90000     0.90000    36.92003
   2.00000     0.90000    43.74253
   2.10000     0.90000    43.73569
   2.20000     0.90000    43.92176
   2.30000     0.90000    43.91882
   2.40000     0.90000    43.68351
   2.50000     0.90000    43.62956
   2.60000     0.90000    43.75058
   2.70000     0.90000    43.82437
   2.80000     0.90000    43.91580
   2.90000     0.90000    44.01767
   3.00000     0.90000    43.77824
   3.10000     0.90000    43.65935
   3.20000     0.90000    43.87114
   3.30000     0.90000    43.80695
   3.40000     0.90000    43.60900
   3.50000     0.90000    43.67431
   3.60000     0.90000    43.98817
   3.70000     0.90000    43.98687
   3.80000     0.90000    43.61030
   3.90000     0.90000    44.08970
   4.00000     0.90000    44.11548
   4.10000     0.90000    43.90046
   4.20000     0.90000    43.88707
   4.30000     0.90000    43.98209
   4.40000     0.90000    44.01964
   4.50000     0.90000    43.76503
   4.60000     0.90000    43.92628
   4.70000     0.90000    44.16983
   4.80000     0.90000    43.98187
   4.90000     0.90000    44.11156
   5.00000     0.90000    43.94254
   0.10000     1.00000    43.64158
   0.20000     1.00000    43.33320
   0.30000     1.00000    43.11761
   0.40000     1.00000    42.65843
   0.50000     1.00000    42.61611
   0.60000     1.00000    42.18617
   0.70000     1.00000    41.71815
   0.80000     1.00000    41.24652
   0.90000     1.00000    40.86710
   1.00000     1.00000    40.19787
   1.10000     1.00000    39.74666
   1.20000     1.00000    39.30723
   1.30000     1.00000    38.62229
   1.40000     1.00000    38.36303
   1.50000     1.00000    37.80910
   1.60000     1.00000    37.47344
   1.70000     1.00000    36.88975
   1.80000     1.00000    36.81741
   1.90000     1.00000    36.48020
   2.00000     1.00000    44.02436
   2.10000     1.00000    43.60011
   2.20000     1.00000    43.81727
   2.30000     1.00000    44.02974
   2.40000     1.00000    43.93844
   2.50000     1.00000    43.99219
   2.60000     1.00000    43.40728
   2.70000     1.00000    43.93941
   2.80000     1.00000    44.04160
   2.90000     1.00000    43.60926
   3.00000     1.00000    43.59842
   3.10000     1.00000    43.71033
   3.20000     1.00000    43.75972
   3.30000     1.00000    43.84433
   3.40000     1.00000    43.90530
   3.50000     1.00000    43.82565
   3.60000     1.00000    43.98574
   3.70000     1.00000    44.00606
   3.80000     1.00000    43.93839
   3.90000     1.00000    43.79842
   4.00000     1.00000    43.59833
   4.10000     1.00000    43.86351
   4.20000     1.00000    43.64987
   4.30000     1.00000    43.76237
   4.40000     1.00000    44.13356
   4.50000     1.00000    43.57600
   4.60000     1.00000    43.67512
   4.70000     1.00000    44.05852
   4.80000     1.00000    43.89346
   4.90000     1.00000    43.66331
   5.00000     1.00000    44.08386
   0.10000     1.10000    43.57875
   0.20000     1.10000    43.07933
   0.30000     1.10000    42.84569
   0.40000     1.10000    42.51982
   0.50000     1.10000    42.29050
   0.60000     1.10000    41.77181
   0.70000     1.10000    41.48917
   0.80000     1.10000    41.01271
   0.90000     1.10000    40.40693
   1.00000     1.10000    39.92545
   1.10000     1.10000    39.45314
   1.20000     1.10000    38.70654
   1.30000     1.10000    38.36408
   1.40000     1.10000    37.91276
   1.50000     1.10000    37.19775
   1.60000     1.10000    37.14173
   1.70000     1.10000    36.66948
   1.80000     1.10000    36.45765
   1.90000     1.10000    36.20706
   2.00000     1.10000    43.86753
   2.10000     1.10000    43.96213
   2.20000     1.10000    43.74369
   2.30000     1.10000    43.93303
   2.40000     1.10000    44.10779
   2.50000     1.10000    43.97760
   2.60000     1.10000    44.05358
   2.70000     1.10000    43.86808
   2.80000     1.10000    43.90006
   2.90000     1.10000    43.91006
   3.00000     1.10000    43.83278
   3.10000     1.10000    43.93765
   3.20000     1.10000    43.86553
   3.30000     1.10000    43.84896
   3.40000     1.10000    43.94213
   3.50000     1.10000    43.52927
   3.60000     1.10000    44.22529
   3.70000     1.10000    43.88265
   3.80000     1.10000    43.99069
   3.90000     1.10000    43.76470
   4.00000     1.10000    43.68972
   4.10000     1.10000    43.98726
   4.20000     1.10000    43.64046
   4.30000     1.10000    43.71057
   4.40000     1.10000    43.57116
   4.50000     1.10000    44.15706
   4.60000     1.10000    43.70091
   4.70000     1.10000    43.90299
   4.80000     1.10000    43.79578
   4.90000     1.10000    44.20178
   5.00000     1.10000    43.83624
   0.10000     1.20000    43.40461
   0.20000     1.20000    43.57823
   0.30000     1.20000    42.65919
   0.40000     1.20000    42.29992
   0.50000     1.20000    41.85241
   0.60000     1.20000    41.48323
   0.70000     1.20000    40.91842
   0.80000     1.20000    40.58254
   0.90000     1.20000    39.93555
   1.00000     1.20000    39.40718
   1.10000     1.20000    38.80060
   1.20000     1.20000    38.42902
   1.30000     1.20000    38.10527
   1.40000     1.20000    37.65007
   1.50000     1.20000    37.09065
   1.60000     1.20000    36.74295
   1.70000     1.20000    36.36428
   1.80000     1.20000    36.20858
   1.90000     1.20000    44.23714
   2.00000     1.20000    43.68305
   2.10000     1.20000    43.71400
   2.20000     1.20000    43.64350
   2.30000     1.20000    43.79091
   2.40000     1.20000    43.89651
   2.50000     1.20000    43.68727
   2.60000     1.20000    43.84349
   2.70000     1.20000    43.97378
   2.80000     1.20000    43.93384
   2.90000     1.20000    44.09940
   3.00000     1.20000    43.56681
   3.10000     1.20000    44.03150
   3.20000     1.20000    43.76472
   3.30000     1.20000    44.12618
   3.40000     1.20000    43.95631
   3.50000     1.20000    43.75118
   3.60000     1.20000    43.77923
   3.70000     1.20000    43.60917
   3.80000     1.20000    43.78558
   3.90000     1.20000    43.64776
   4.00000     1.20000    43.88594
   4.10000     1.20000    43.70832
   4.20000     1.20000    43.53311
   4.30000     1.20000    43.99818
   4.40000     1.20000    43.53605
   4.50000     1.20000    43.68803
   4.60000     1.20000    44.05891
   4.70000     1.20000    43.64478
   4.80000     1.20000    43.64405
   4.90000     1.20000    44.12979
   5.00000     1.20000    44.03236
   0.10000     1.30000    43.37011
   0.20000     1.30000    43.33327
   0.30000     1.30000    42.96607
   0.40000     1.30000    42.63358
   0.50000     1.30000    42.23996
   0.60000     1.30000    41.60283
   0.70000     1.30000    41.20624
   0.80000     1.30000    40.50347
   0.90000     1.30000    39.86024
   1.00000     1.30000    39.26217
   1.10000     1.30000    38.62725
   1.20000     1.30000    38.15734
   1.30000     1.30000    37.72594
   1.40000     1.30000    37.29276
   1.50000     1.30000    36.60995
   1.60000     1.30000    36.30073
   1.70000     1.30000    35.94609
   1.80000     1.30000    35.93991
   1.90000     1.30000    43.71573
   2.00000     1.30000    43.68417
   2.10000     1.30000    43.62045
   2.20000     1.30000    43.84895
   2.30000     1.30000    44.16731
   2.40000     1.30000    43.91114
   2.50000     1.30000    43.68596
   2.60000     1.30000    43.86562
   2.70000     1.30000    43.65828
   2.80000     1.30000    43.95088
   2.90000     1.30000    43.71888
   3.00000     1.30000    43.68590
   3.10000     1.30000    43.97731
   3.20000     1.30000    44.04415
   3.30000     1.30000    43.96010
   3.40000     1.30000    44.00556
   3.50000     1.30000    43.83752
   3.60000     1.30000    43.93886
   3.70000     1.30000    43.79984
   3.80000     1.30000    43.85833
   3.90000     1.30000    43.77852
   4.00000     1.30000    43.81198
   4.10000     1.30000    43.61519
   4.20000     1.30000    43.94093
   4.30000     1.30000    43.72813
   4.40000     1.30000    43.75727
   4.50000     1.30000    43.65641
   4.60000     1.30000    43.51233
   4.70000     1.30000    43.86837
   4.80000     1.30000    43.92561
   4.90000     1.30000    43.81398
   5.00000     1.30000    44.02870
   0.10000     1.40000    43.22625
   0.20000     1.40000    43.39688
   0.30000     1.40000    42.72418
   0.40000     1.40000    42.63689
   0.50000     1.40000    41.79371
   0.60000     1.40000    41.30410
   0.70000     1.40000    40.86953
   0.80000     1.40000    40.31139
   0.90000     1.40000    39.42266
   1.00000     1.40000    38.90992
   1.10000     1.40000    38.52072
   1.20000     1.40000    37.86286
   1.30000     1.40000    37.35858
   1.40000     1.40000    36.83188
   1.50000     1.40000    36.66876
   1.60000     1.40000    36.27627
   1.70000     1.40000    35.87938
   1.80000     1.40000    44.08929
   1.90000     1.40000    43.53153
   2.00000     1.40000    44.05065
   2.10000     1.40000    43.98802
   2.20000     1.40000    43.90896
   2.30000     1.40000    43.67073
   2.40000     1.40000    44.12618
   2.50000     1.40000    43.75859
   2.60000     1.40000    43.66137
   2.70000     1.40000    43.66651
   2.80000     1.40000    43.69015
   2.90000     1.40000    44.11782
   3.00000     1.40000    43.94820
   3.10000     1.40000    44.07125
   3.20000     1.40000    44.09285
   3.30000     1.40000    44.03645
   3.40000     1.40000    43.91573
   3.50000     1.40000    43.89395
   3.60000     1.40000    43.81614
   3.70000     1.40000    43.78189
   3.80000     1.40000    43.64618
   3.90000     1.40000    43.63269
   4.00000     1.40000    43.87881
   4.10000     1.40000    44.00240
   4.20000     1.40000    43.90061
   4.30000     1.40000    43.95328
   4.40000     1.40000    43.80536
   4.50000     1.40000    43.88863
   4.60000     1.40000    43.88828
   4.70000     1.40000    44.07410
   4.80000     1.40000    43.86264
   4.90000     1.40000    44.01279
   5.00000     1.40000    44.08222
   0.10000     1.50000    43.62367
   0.20000     1.50000    42.88583
   0.30000     1.50000    42.93896
   0.40000     1.50000    42.22466
   0.50000     1.50000    41.58849
   0.60000     1.50000    41.15103
   0.70000     1.50000    40.56427
   0.80000     1.50000    40.05557
   0.90000     1.50000    39.22888
   1.00000     1.50000    38.72330
   1.10000     1.50000    37.87101
   1.20000     1.50000    37.61132
   1.30000     1.50000    37.24876
   1.40000     1.50000    36.75357
   1.50000     1.50000    36.08029
   1.60000     1.50000    35.86665
   1.70000     1.50000    35.78762
   1.80000     1.50000    43.71882
   1.90000     1.50000    43.86202
   2.00000     1.50000    43.92128
   2.10000     1.50000    44.14465
   2.20000     1.50000    44.26584
   2.30000     1.50000    43.98026
   2.40000     1.50000    43.87610
   2.50000     1.50000    43.56386
   2.60000     1.50000    43.78379
   2.70000     1.50000    44.18719
   2.80000     1.50000    43.98132
   2.90000     1.50000    43.97306
   3.00000     1.50000    43.82813
   3.10000     1.50000    43.75732
   3.20000     1.50000    43.79138
   3.30000     1.50000    43.91320
   3.40000     1.50000    43.94370
   3.50000     1.50000    44.01793
   3.60000     1.50000    43.84641
   3.70000     1.50000    44.30881
   3.80000     1.50000    43.56916
   3.90000     1.50000    43.75363
   4.00000     1.50000    44.13483
   4.10000     1.50000    43.79251
   4.20000     1.50000    43.95268
   4.30000     1.50000    43.59150
   4.40000     1.50000    43.99730
   4.50000     1.50000    43.67156
   4.60000     1.50000    43.70470
   4.70000     1.50000    43.87119
   4.80000     1.50000    44.08188
   4.90000     1.50000    43.86270
   5.00000     1.50000    43.72816
   0.10000     1.60000    43.79005
   0.20000     1.60000    43.43705
   0.30000     1.60000    42.63919
   0.40000     1.60000    42.42721
   0.50000     1.60000    41.57872
   0.60000     1.60000    41.04587
   0.70000     1.60000    40.29582
   0.80000     1.60000    39.96364
   0.90000     1.60000    39.07829
   1.00000     1.60000    37.98408
   1.10000     1.60000    37.77607
   1.20000     1.60000    37.33057
   1.30000     1.60000    36.80530
   1.40000     1.60000    36.43454
   1.50000     1.60000    35.88701
   1.60000     1.60000    35.65797
   1.70000     1.60000    35.77488
   1.80000     1.60000    43.67820
   1.90000     1.60000    43.75936
   2.00000     1.60000    43.94613
   2.10000     1.60000    43.68977
   2.20000     1.60000    43.76738
   2.30000     1.60000    44.02939
   2.40000     1.60000    43.84879
   2.50000     1.60000    44.01381
   2.60000     1.60000    43.69358
   2.70000     1.60000    43.97864
   2.80000     1.60000    43.82301
   2.90000     1.60000    43.84111
   3.00000     1.60000    43.55120
   3.10000     1.60000    43.54351
   3.20000     1.60000    43.79935
   3.30000     1.60000    44.20403
   3.40000     1.60000    43.82802
   3.50000     1.60000    43.70843
   3.60000     1.60000    43.92920
   3.70000     1.60000    44.05314
   3.80000     1.60000    44.01597
   3.90000     1.60000    43.89261
   4.00000     1.60000    43.98066
   4.10000     1.60000    43.76274
   4.20000     1.60000    43.98357
   4.30000     1.60000    43.42256
   4.40000     1.60000    44.02569
   4.50000     1.60000    44.01856
   4.60000     1.60000    43.77201
   4.70000     1.60000    43.65944
   4.80000     1.60000    43.97526
   4.90000     1.60000    43.72843
   5.00000     1.60000    44.07581
   0.10000     1.70000    43.43349
   0.20000     1.70000    42.84501
   0.30000     1.70000    42.50354
   0.40000     1.70000    42.14010
   0.50000     1.70000    41.43031
   0.60000     1.70000    40.64639
   0.70000     1.70000    40.06634
   0.80000     1.70000    39.27538
   0.90000     1.70000    38.95927
   1.00000     1.70000    37.95892
   1.10000     1.70000    37.53461
   1.20000     1.70000    37.22197
   1.30000     1.70000    36.44728
   1.40000     1.70000    36.00674
   1.50000     1.70000    35.73713
   1.60000     1.70000    35.68074
   1.70000     1.70000    43.96419
   1.80000     1.70000    43.92375
   1.90000     1.70000    43.57720
   2.00000     1.70000    43.67731
   2.10000     1.70000    43.97308
   2.20000     1.70000    44.11386
   2.30000     1.70000    43.91125
   2.40000     1.70000    44.03346
   2.50000     1.70000    43.67010
   2.60000     1.70000    43.83806
   2.70000     1.70000    43.86913
   2.80000     1.70000    43.95320
   2.90000     1.70000    43.96317
   3.00000     1.70000    44.16273
   3.10000     1.70000    43.66208
   3.20000     1.70000    43.79091
   3.30000     1.70000    43.84675
   3.40000     1.70000    43.64984
   3.50000     1.70000    43.86682
   3.60000     1.70000    44.12416
   3.70000     1.70000    43.94549
   3.80000     1.70000    43.90702
   3.90000     1.70000    43.74142
   4.00000     1.70000    44.02225
   4.10000     1.70000    44.07120
   4.20000     1.70000    43.66086
   4.30000     1.70000    43.61765
   4.40000     1.70000    44.01392
   4.50000     1.70000    43.76130
   4.60000     1.70000    43.86411
   4.70000     1.70000    43.91178
   4.80000     1.70000    43.68884
   4.90000     1.70000    43.66716
   5.00000     1.70000    43.97814
   0.10000     1.80000    43.42075
   0.20000     1.80000    43.30577
   0.30000     1.80000    42.79929
   0.40000     1.80000    41.86108
   0.50000     1.80000    41.18551
   0.60000     1.80000    40.92201
   0.70000     1.80000    39.82885
   0.80000     1.80000    39.21638
   0.90000     1.80000    38.84923
   1.00000     1.80000    38.04896
   1.10000     1.80000    37.32151
   1.20000     1.80000    37.03701
   1.30000     1.80000    36.25472
   1.40000     1.80000    35.97648
   1.50000     1.80000    35.55488
   1.60000     1.80000    35.64021
   1.70000     1.80000    43.66093
   1.80000     1.80000    43.59226
   1.90000     1.80000    43.69010
   2.00000     1.80000    43.84429
   2.10000     1.80000    43.86211
   2.20000     1.80000    43.98031
   2.30000     1.80000    44.00762
   2.40000     1.80000    44.11468
   2.50000     1.80000    43.53800
   2.60000     1.80000    43.68914
   2.70000     1.80000    43.70579
   2.80000     1.80000    43.85245
   2.90000     1.80000    43.58544
   3.00000     1.80000    44.01501
   3.10000     1.80000    44.04231
   3.20000     1.80000    43.94121
   3.30000     1.80000    43.68539
   3.40000     1.80000    44.22072
   3.50000     1.80000    43.71157
   3.60000     1.80000    43.88807
   3.70000     1.80000    43.49416
   3.80000     1.80000    44.02170
   3.90000     1.80000    43.63433
   4.00000     1.80000    44.04654
   4.10000     1.80000    43.87035
   4.20000     1.80000    44.04332
   4.30000     1.80000    43.76053
   4.40000     1.80000    43.80851
   4.50000     1.80000    43.81115
   4.60000     1.80000    43.87173
   4.70000     1.80000    43.68299
   4.80000     1.80000    43.83823
   4.90000     1.80000    43.98318
   5.00000     1.80000    43.78296
   0.10000     1.90000    43.46085
   0.20000     1.90000    42.87939
   0.30000     1.90000    42.55830
   0.40000     1.90000    42.08770
   0.50000     1.90000    41.10051
   0.60000     1.90000    40.55499
   0.70000     1.90000    39.62539
   0.80000     1.90000    39.02252
   0.90000     1.90000    38.40551
   1.00000     1.90000    37.83403
   1.10000     1.90000    37.18208
   1.20000     1.90000    36.58126
   1.30000     1.90000    36.07305
   1.40000     1.90000    35.74258
   1.50000     1.90000    35.64255
   1.60000     1.90000    35.87217
   1.70000     1.90000    43.79738
   1.80000     1.90000    43.94748
   1.90000     1.90000    43.78845
   2.00000     1.90000    43.69643
   2.10000     1.90000    43.66300
   2.20000     1.90000    43.64325
   2.30000     1.90000    43.67764
   2.40000     1.90000    44.01289
   2.50000     1.90000    43.73127
   2.60000     1.90000    43.57990
   2.70000     1.90000    44.03536
   2.80000     1.90000    43.88259
   2.90000     1.90000    43.87859
   3.00000     1.90000    43.55066
   3.10000     1.90000    43.90023
   3.20000     1.90000    43.80881
   3.30000     1.90000    43.91521
   3.40000     1.90000    43.96230
   3.50000     1.90000    43.93531
   3.60000     1.90000    44.14744
   3.70000     1.90000    44.08243
   3.80000     1.90000    43.76337
   3.90000     1.90000    43.76958
   4.00000     1.90000    43.84242
   4.10000     1.90000    43.80106
   4.20000     1.90000    43.91310
   4.30000     1.90000    43.89564
   4.40000     1.90000    43.88427
   4.50000     1.90000    43.67835
   4.60000     1.90000    43.78621
   4.70000     1.90000    43.82622
   4.80000     1.90000    43.84902
   4.90000     1.90000    43.96404
   5.00000     1.90000    43.95171
   0.10000     2.00000    43.43034
   0.20000     2.00000    42.80143
   0.30000     2.00000    42.45863
   0.40000     2.00000    42.10214
   0.50000     2.00000    41.06306
   0.60000     2.00000    40.36835
   0.70000     2.00000    39.54192
   0.80000     2.00000    38.78312
   0.90000     2.00000    37.87948
   1.00000     2.00000    37.33233
   1.10000     2.00000    36.95944
   1.20000     2.00000    36.34987
   1.30000     2.00000    35.85502
   1.40000     2.00000    35.77306
   1.50000     2.00000    35.95860
   1.60000     2.00000    44.13043
   1.70000     2.00000    44.12058
   1.80000     2.00000    43.85239
   1.90000     2.00000    43.67884
   2.00000     2.00000    43.90408
   2.10000     2.00000    44.01389
   2.20000     2.00000    43.83009
   2.30000     2.00000    43.69105
   2.40000     2.00000    43.61117
   2.50000     2.00000    43.86935
   2.60000     2.00000    43.74594
   2.70000     2.00000    43.71309
   2.80000     2.00000    43.65375
   2.90000     2.00000    43.72203
   3.00000     2.00000    43.77817
   3.10000     2.00000    44.14641
   3.20000     2.00000    44.14476
   3.30000     2.00000    43.86056
   3.40000     2.00000    43.74027
   3.50000     2.00000    43.69806
   3.60000     2.00000    43.86515
   3.70000     2.00000    44.20677
   3.80000     2.00000    43.50381
   3.90000     2.00000    44.06189
   4.00000     2.00000    43.75769
   4.10000     2.00000    43.81682
   4.20000     2.00000    43.73275
   4.30000     2.00000    43.60691
   4.40000     2.00000    43.95069
   4.50000     2.00000    43.72663
   4.60000     2.00000    43.91706
   4.70000     2.00000    43.89637
   4.80000     2.00000    43.76198
   4.90000     2.00000    43.91724
   5.00000     2.00000    44.00834
   0.10000     2.10000    43.41335
   0.20000     2.10000    43.19227
   0.30000     2.10000    42.54708
   0.40000     2.10000    41.51090
   0.50000     2.10000    41.00651
   0.60000     2.10000    40.14365
   0.70000     2.10000    39.56436
   0.80000     2.10000    38.79623
   0.90000     2.10000    37.81674
   1.00000     2.10000    37.05307
   1.10000     2.10000    36.63844
   1.20000     2.10000    36.07399
   1.30000     2.10000    35.77264
   1.40000     2.10000    35.85482
   1.50000     2.10000    35.73701
   1.60000     2.10000    43.64595
   1.70000     2.10000    43.77475
   1.80000     2.10000    44.13834
   1.90000     2.10000    43.96602
   2.00000     2.10000    43.78662
   2.10000     2.10000    43.95090
   2.20000     2.10000    43.49735
   2.30000     2.10000    43.85667
   2.40000     2.10000    43.71155
   2.50000     2.10000    44.05847
   2.60000     2.10000    43.79736
   2.70000     2.10000    43.74480
   2.80000     2.10000    43.68227
   2.90000     2.10000    43.72700
   3.00000     2.10000    43.74740
   3.10000     2.10000    43.82840
   3.20000     2.10000    43.56298
   3.30000     2.10000    43.45806
   3.40000     2.10000    43.63987
   3.50000     2.10000    44.00306
   3.60000     2.10000    43.84184
   3.70000     2.10000    43.94874
   3.80000     2.10000    43.91925
   3.90000     2.10000    44.00163
   4.00000     2.10000    43.90154
   4.10000     2.10000    44.17781
   4.20000     2.10000    44.02785
   4.30000     2.10000    43.84187
   4.40000     2.10000    43.96638
   4.50000     2.10000    43.82379
   4.60000     2.10000    43.93906
   4.70000     2.10000    44.14969
   4.80000     2.10000    43.89051
   4.90000     2.10000    44.03125
   5.00000     2.10000    43.96557
   0.10000     2.20000    43.40014
   0.20000     2.20000    42.85005
   0.30000     2.20000    42.60152
   0.40000     2.20000    41.56236
   0.50000     2.20000    40.90170
   0.60000     2.20000    39.93948
   0.70000     2.20000    39.27152
   0.80000     2.20000    38.39048
   0.90000     2.20000    37.49359
   1.00000     2.20000    36.95581
   1.10000     2.20000    36.54781
   1.20000     2.20000    36.07753
   1.30000     2.20000    35.66897
   1.40000     2.20000    35.89202
   1.50000     2.20000    35.88676
   1.60000     2.20000    43.82666
   1.70000     2.20000    43.96112
   1.80000     2.20000    43.96773
   1.90000     2.20000    43.79093
   2.00000     2.20000    43.77691
   2.10000     2.20000    43.84653
   2.20000     2.20000    43.92946
   2.30000     2.20000    43.97562
   2.40000     2.20000    43.83251
   2.50000     2.20000    43.82584
   2.60000     2.20000    43.70807
   2.70000     2.20000    43.89350
   2.80000     2.20000    43.73451
   2.90000     2.20000    44.07064
   3.00000     2.20000    43.85543
   3.10000     2.20000    43.99332
   3.20000     2.20000    43.93515
   3.30000     2.20000    43.80462
   3.40000     2.20000    43.93229
   3.50000     2.20000    43.72724
   3.60000     2.20000    44.01504
   3.70000     2.20000    43.96640
   3.80000     2.20000    43.97910
   3.90000     2.20000    43.65266
   4.00000     2.20000    43.88462
   4.10000     2.20000    43.78189
   4.20000     2.20000    43.98253
   4.30000     2.20000    44.29511
   4.40000     2.20000    43.84453
   4.50000     2.20000    43.84288
   4.60000     2.20000    43.90455
   4.70000     2.20000    43.89213
   4.80000     2.20000    43.82492
   4.90000     2.20000    43.50304
   5.00000     2.20000    43.81814
   0.10000     2.30000    43.30687
   0.20000     2.30000    43.09779
   0.30000     2.30000    42.35670
   0.40000     2.30000    41.63873
   0.50000     2.30000    40.96745
   0.60000     2.30000    39.77537
   0.70000     2.30000    39.22300
   0.80000     2.30000    38.50597
   0.90000     2.30000    37.43610
   1.00000     2.30000    36.81228
   1.10000     2.30000    36.29531
   1.20000     2.30000    35.80444
   1.30000     2.30000    35.63142
   1.40000     2.30000    36.27105
   1.50000     2.30000    38.38757
   1.60000     2.30000    43.85474
   1.70000     2.30000    43.86374
   1.80000     2.30000    43.70594
   1.90000     2.30000    43.52334
   2.00000     2.30000    43.88300
   2.10000     2.30000    44.40894
   2.20000     2.30000    43.71449
   2.30000     2.30000    43.80036
   2.40000     2.30000    43.79617
   2.50000     2.30000    43.67905
   2.60000     2.30000    43.87700
   2.70000     2.30000    44.02640
   2.80000     2.30000    43.66815
   2.90000     2.30000    44.15867
   3.00000     2.30000    43.64651
   3.10000     2.30000    43.79491
   3.20000     2.30000    43.93921
   3.30000     2.30000    43.84030
   3.40000     2.30000    43.66836
   3.50000     2.30000    43.89274
   3.60000     2.30000    43.75441
   3.70000     2.30000    43.96455
   3.80000     2.30000    43.76588
   3.90000     2.30000    43.92093
   4.00000     2.30000    44.17244
   4.10000     2.30000    43.86126
   4.20000     2.30000    43.55667
   4.30000     2.30000    43.96688
   4.40000     2.30000    43.58446
   4.50000     2.30000    43.89958
   4.60000     2.30000    43.85545
   4.70000     2.30000    43.79177
   4.80000     2.30000    44.06888
   4.90000     2.30000    43.67973
   5.00000     2.30000    43.80732
   0.10000     2.40000    43.43905
   0.20000     2.40000    42.88981
   0.30000     2.40000    42.28953
   0.40000     2.40000    41.27273
   0.50000     2.40000    40.57665
   0.60000     2.40000    39.89491
   0.70000     2.40000    38.81679
   0.80000     2.40000    37.75958
   0.90000     2.40000    37.33356
   1.00000     2.40000    36.81926
   1.10000     2.40000    36.18341
   1.20000     2.40000    35.63898
   1.30000     2.40000    35.76657
   1.40000     2.40000    35.83680
   1.50000     2.40000    44.00543
   1.60000     2.40000    43.88896
   1.70000     2.40000    43.67272
   1.80000     2.40000    43.96000
   1.90000     2.40000    44.21152
   2.00000     2.40000    43.80908
   2.10000     2.40000    43.79698
   2.20000     2.40000    43.93132
   2.30000     2.40000    43.43088
   2.40000     2.40000    43.83263
   2.50000     2.40000    43.72409
   2.60000     2.40000    43.74051
   2.70000     2.40000    43.66390
   2.80000     2.40000    44.02075
   2.90000     2.40000    43.57887
   3.00000     2.40000    43.76982
   3.10000     2.40000    44.02105
   3.20000     2.40000    44.11412
   3.30000     2.40000    43.84619
   3.40000     2.40000    43.82482
   3.50000     2.40000    43.84819
   3.60000     2.40000    43.84442
   3.70000     2.40000    44.01523
   3.80000     2.40000    43.82740
   3.90000     2.40000    43.83644
   4.00000     2.40000    43.69964
   4.10000     2.40000    43.54085
   4.20000     2.40000    43.94655
   4.30000     2.40000    43.68266
   4.40000     2.40000    43.83823
   4.50000     2.40000    44.02177
   4.60000     2.40000    43.81721
   4.70000     2.40000    43.94053
   4.80000     2.40000    43.87833
   4.90000     2.40000    43.98965
   5.00000     2.40000    43.42155
   0.10000     2.50000    43.35720
   0.20000     2.50000    42.70261
   0.30000     2.50000    41.98939
   0.40000     2.50000    41.32864
   0.50000     2.50000    40.46594
   0.60000     2.50000    39.77284
   0.70000     2.50000    38.62670
   0.80000     2.50000    38.00674
   0.90000     2.50000    36.88446
   1.00000     2.50000    36.60348
   1.10000     2.50000    36.02536
   1.20000     2.50000    35.83168
   1.30000     2.50000    35.91570
   1.40000     2.50000    38.26071
   1.50000     2.50000    43.88016
   1.60000     2.50000    43.98835
   1.70000     2.50000    43.74042
   1.80000     2.50000    43.96203
   1.90000     2.50000    43.84002
   2.00000     2.50000    44.40216
   2.10000     2.50000    44.00136
   2.20000     2.50000    43.97513
   2.30000     2.50000    44.07423
   2.40000     2.50000    43.68104
   2.50000     2.50000    43.75213
   2.60000     2.50000    43.90502
   2.70000     2.50000    43.71409
   2.80000     2.50000    43.88754
   2.90000     2.50000    44.42546
   3.00000     2.50000    43.71858
   3.10000     2.50000    43.91140
   3.20000     2.50000    43.67028
   3.30000     2.50000    44.05782
   3.40000     2.50000    43.81089
   3.50000     2.50000    43.99098
   3.60000     2.50000    43.85196
   3.70000     2.50000    43.83709
   3.80000     2.50000    43.73489
   3.90000     2.50000    43.79351
   4.00000     2.50000    43.58217
   4.10000     2.50000    43.99394
   4.20000     2.50000    44.16985
   4.30000     2.50000    43.83276
   4.40000     2.50000    43.76297
   4.50000     2.50000    43.92566
   4.60000     2.50000    43.96126
   4.70000     2.50000    43.95124
   4.80000     2.50000    43.71436
   4.90000     2.50000    44.07439
   5.00000     2.50000    44.03857
   0.10000     2.60000    43.45258
   0.20000     2.60000    42.73807
   0.30000     2.60000    41.98227
   0.40000     2.60000    41.11684
   0.50000     2.60000    40.51481
   0.60000     2.60000    39.70481
   0.70000     2.60000    38.67652
   0.80000     2.60000    37.69492
   0.90000     2.60000    36.91375
   1.00000     2.60000    36.30885
   1.10000     2.60000    35.79495
   1.20000     2.60000    35.77982
   1.30000     2.60000    36.41564
   1.40000     2.60000    40.67095
   1.50000     2.60000    43.57701
   1.60000     2.60000    44.20483
   1.70000     2.60000    43.68607
   1.80000     2.60000    43.61099
   1.90000     2.60000    43.83342
   2.00000     2.60000    43.71027
   2.10000     2.60000    44.07950
   2.20000     2.60000    43.82997
   2.30000     2.60000    43.76879
   2.40000     2.60000    43.71683
   2.50000     2.60000    43.77175
   2.60000     2.60000    44.11376
   2.70000     2.60000    43.97744
   2.80000     2.60000    43.79480
   2.90000     2.60000    43.86193
   3.00000     2.60000    43.75795
   3.10000     2.60000    43.61801
   3.20000     2.60000    43.68267
   3.30000     2.60000    43.86881
   3.40000     2.60000    44.03244
   3.50000     2.60000    43.69439
   3.60000     2.60000    43.98457
   3.70000     2.60000    43.71832
   3.80000     2.60000    43.69626
   3.90000     2.60000    43.97588
   4.00000     2.60000    43.74204
   4.10000     2.60000    43.61069
   4.20000     2.60000    43.88775
   4.30000     2.60000    43.74943
   4.40000     2.60000    44.11372
   4.50000     2.60000    43.86753
   4.60000     2.60000    43.92109
   4.70000     2.60000    43.71816
   4.80000     2.60000    43.91617
   4.90000     2.60000    43.56384
   5.00000     2.60000    43.85327
   0.10000     2.70000    43.26986
   0.20000     2.70000    43.00129
   0.30000     2.70000    42.20012
   0.40000     2.70000    40.92384
   0.50000     2.70000    40.40231
   0.60000     2.70000    39.95271
   0.70000     2.70000    38.30368
   0.80000     2.70000    37.64331
   0.90000     2.70000    36.61257
   1.00000     2.70000    36.36546
   1.10000     2.70000    35.80371
   1.20000     2.70000    35.60718
   1.30000     2.70000    36.66615
   1.40000     2.70000    42.61299
   1.50000     2.70000    43.99397
   1.60000     2.70000    43.84794
   1.70000     2.70000    44.06568
   1.80000     2.70000    43.69251
   1.90000     2.70000    44.05047
   2.00000     2.70000    43.77833
   2.10000     2.70000    43.91472
   2.20000     2.70000    43.80535
   2.30000     2.70000    44.23303
   2.40000     2.70000    43.94890
   2.50000     2.70000    43.90650
   2.60000     2.70000    43.96922
   2.70000     2.70000    43.57231
   2.80000     2.70000    44.02612
   2.90000     2.70000    43.96318
   3.00000     2.70000    43.90835
   3.10000     2.70000    43.82496
   3.20000     2.70000    43.84912
   3.30000     2.70000    44.00116
   3.40000     2.70000    43.51844
   3.50000     2.70000    43.74929
   3.60000     2.70000    43.78516
   3.70000     2.70000    44.16741
   3.80000     2.70000    43.81817
   3.90000     2.70000    43.73611
   4.00000     2.70000    43.86198
   4.10000     2.70000    43.82232
   4.20000     2.70000    43.91046
   4.30000     2.70000    43.63865
   4.40000     2.70000    44.02852
   4.50000     2.70000    43.89279
   4.60000     2.70000    43.91888
   4.70000     2.70000    43.85352
   4.80000     2.70000    43.85650
   4.90000     2.70000    43.98293
   5.00000     2.70000    43.85619
   0.10000     2.80000    43.59782
   0.20000     2.80000    42.74381
   0.30000     2.80000    42.11636
   0.40000     2.80000    41.10224
   0.50000     2.80000    40.20704
   0.60000     2.80000    39.07260
   0.70000     2.80000    38.22241
   0.80000     2.80000    37.49389
   0.90000     2.80000    36.64755
   1.00000     2.80000    36.09402
   1.10000     2.80000    35.86028
   1.20000     2.80000    35.74181
   1.30000     2.80000    38.81963
   1.40000     2.80000    44.32066
   1.50000     2.80000    44.00760
   1.60000     2.80000    44.14322
   1.70000     2.80000    44.00013
   1.80000     2.80000    43.88957
   1.90000     2.80000    43.91877
   2.00000     2.80000    43.91469
   2.10000     2.80000    43.93871
   2.20000     2.80000    43.76005
   2.30000     2.80000    43.76563
   2.40000     2.80000    44.19128
   2.50000     2.80000    43.69697
   2.60000     2.80000    43.88948
   2.70000     2.80000    43.95830
   2.80000     2.80000    43.60048
   2.90000     2.80000    43.90979
   3.00000     2.80000    43.98289
   3.10000     2.80000    43.99031
   3.20000     2.80000    43.85480
   3.30000     2.80000    44.01203
   3.40000     2.80000    43.88104
   3.50000     2.80000    43.94347
   3.60000     2.80000    43.80594
   3.70000     2.80000    43.63887
   3.80000     2.80000    43.69847
   3.90000     2.80000    43.92092
   4.00000     2.80000    43.96506
   4.10000     2.80000    43.89992
   4.20000     2.80000    44.07799
   4.30000     2.80000    43.53279
   4.40000     2.80000    43.67642
   4.50000     2.80000    44.03954
   4.60000     2.80000    44.00977
   4.70000     2.80000    43.92421
   4.80000     2.80000    43.88856
   4.90000     2.80000    43.98839
   5.00000     2.80000    43.58003
   0.10000     2.90000    43.73294
   0.20000     2.90000    42.60842
   0.30000     2.90000    41.89705
   0.40000     2.90000    40.77408
   0.50000     2.90000    40.02318
   0.60000     2.90000    38.89053
   0.70000     2.90000    38.08906
   0.80000     2.90000    37.42554
   0.90000     2.90000    36.43918
   1.00000     2.90000    36.03081
   1.10000     2.90000    35.48933
   1.20000     2.90000    36.34521
   1.30000     2.90000    41.39368
   1.40000     2.90000    43.77721
   1.50000     2.90000    43.99558
   1.60000     2.90000    43.90538
   1.70000     2.90000    43.62383
   1.80000     2.90000    44.05905
   1.90000     2.90000    43.73272
   2.00000     2.90000    43.82267
   2.10000     2.90000    43.93802
   2.20000     2.90000    43.74153
   2.30000     2.90000    43.86959
   2.40000     2.90000    43.41166
   2.50000     2.90000    43.91088
   2.60000     2.90000    43.83592
   2.70000     2.90000    43.91013
   2.80000     2.90000    43.75648
   2.90000     2.90000    43.63846
   3.00000     2.90000    44.11581
   3.10000     2.90000    44.00765
   3.20000     2.90000    44.19067
   3.30000     2.90000    43.81968
   3.40000     2.90000    44.04628
   3.50000     2.90000    44.34750
   3.60000     2.90000    43.79105
   3.70000     2.90000    43.98458
   3.80000     2.90000    44.03848
   3.90000     2.90000    43.56706
   4.00000     2.90000    43.77355
   4.10000     2.90000    43.79297
   4.20000     2.90000    43.98815
   4.30000     2.90000    43.99126
   4.40000     2.90000    43.47425
   4.50000     2.90000    43.87694
   4.60000     2.90000    44.16912
   4.70000     2.90000    43.62152
   4.80000     2.90000    44.12963
   4.90000     2.90000    43.95375
   5.00000     2.90000    43.91674
   0.10000     3.00000    43.61714
   0.20000     3.00000    42.40468
   0.30000     3.00000    41.99426
   0.40000     3.00000    40.95865
   0.50000     3.00000    39.59724
   0.60000     3.00000    38.90935
   0.70000     3.00000    37.76176
   0.80000     3.00000    37.16275
   0.90000     3.00000    36.56829
   1.00000     3.00000    35.99259
   1.10000     3.00000    35.93646
   1.20000     3.00000    36.46622
   1.30000     3.00000    42.95930
   1.40000     3.00000    43.72627
   1.50000     3.00000    43.82958
   1.60000     3.00000    43.85018
   1.70000     3.00000    44.04710
   1.80000     3.00000    43.79237
   1.90000     3.00000    44.03171
   2.00000     3.00000    43.74545
   2.10000     3.00000    43.81108
   2.20000     3.00000    43.59485
   2.30000     3.00000    43.52962
   2.40000     3.00000    44.18626
   2.50000     3.00000    43.98847
   2.60000     3.00000    43.81232
   2.70000     3.00000    43.83432
   2.80000     3.00000    44.35697
   2.90000     3.00000    44.02771
   3.00000     3.00000    44.11704
   3.10000     3.00000    43.63133
   3.20000     3.00000    43.70892
   3.30000     3.00000    44.01212
   3.40000     3.00000    43.65948
   3.50000     3.00000    44.01766
   3.60000     3.00000    43.95864
   3.70000     3.00000    43.97091
   3.80000     3.00000    43.70390
   3.90000     3.00000    43.72559
   4.00000     3.00000    43.84664
   4.10000     3.00000    44.07337
   4.20000     3.00000    43.84008
   4.30000     3.00000    43.77098
   4.40000     3.00000    43.75610
   4.50000     3.00000    43.86821
   4.60000     3.00000    43.89544
   4.70000     3.00000    43.94260
   4.80000     3.00000    43.85872
   4.90000     3.00000    43.75693
   5.00000     3.00000    43.91885
   0.10000     3.10000    43.31584
   0.20000     3.10000    42.85880
   0.30000     3.10000    41.91957
   0.40000     3.10000    40.52412
   0.50000     3.10000    39.78213
   0.60000     3.10000    38.55066
   0.70000     3.10000    37.80609
   0.80000     3.10000    37.14903
   0.90000     3.10000    36.35544
   1.00000     3.10000    35.89503
   1.10000     3.10000    35.76243
   1.20000     3.10000    37.78211
   1.30000     3.10000    44.34651
   1.40000     3.10000    44.01679
   1.50000     3.10000    44.01608
   1.60000     3.10000    43.69968
   1.70000     3.10000    43.95104
   1.80000     3.10000    43.86565
   1.90000     3.10000    43.86318
   2.00000     3.10000    43.73726
   2.10000     3.10000    43.67296
   2.20000     3.10000    43.77623
   2.30000     3.10000    43.92459
   2.40000     3.10000    43.89058
   2.50000     3.10000    44.23165
   2.60000     3.10000    43.66822
   2.70000     3.10000    43.68625
   2.80000     3.10000    43.77365
   2.90000     3.10000    44.01279
   3.00000     3.10000    44.24160
   3.10000     3.10000    44.16062
   3.20000     3.10000    43.79719
   3.30000     3.10000    43.69271
   3.40000     3.10000    43.97238
   3.50000     3.10000    43.68200
   3.60000     3.10000    43.90985
   3.70000     3.10000    43.57479
   3.80000     3.10000    43.86711
   3.90000     3.10000    44.06559
   4.00000     3.10000    43.71256
   4.10000     3.10000    43.83174
   4.20000     3.10000    44.05057
   4.30000     3.10000    43.93500
   4.40000     3.10000    43.82683
   4.50000     3.10000    43.87450
   4.60000     3.10000    43.86847
   4.70000     3.10000    44.01448
   4.80000     3.10000    43.94605
   4.90000     3.10000    43.75560
   5.00000     3.10000    43.79745
   0.10000     3.20000    43.25498
   0.20000     3.20000    42.32767
   0.30000     3.20000    41.45003
   0.40000     3.20000    40.53159
   0.50000     3.20000    39.55259
   0.60000     3.20000    38.65746
   0.70000     3.20000    37.64889
   0.80000     3.20000    36.91954
   0.90000     3.20000    36.01064
   1.00000     3.20000    35.75213
   1.10000     3.20000    35.95155
   1.20000     3.20000    39.92262
   1.30000     3.20000    45.13264
   1.40000     3.20000    43.58634
   1.50000     3.20000    44.18872
   1.60000     3.20000    43.82045
   1.70000     3.20000    43.81071
   1.80000     3.20000    43.84594
   1.90000     3.20000    43.88247
   2.00000     3.20000    43.85622
   2.10000     3.20000    43.81895
   2.20000     3.20000    43.56165
   2.30000     3.20000    43.65769
   2.40000     3.20000    43.88117
   2.50000     3.20000    43.69874
   2.60000     3.20000    43.90640
   2.70000     3.20000    43.81601
   2.80000     3.20000    43.68138
   2.90000     3.20000    44.11106
   3.00000     3.20000    44.25916
   3.10000     3.20000    43.70034
   3.20000     3.20000    43.91213
   3.30000     3.20000    43.95520
   3.40000     3.20000    43.96248
   3.50000     3.20000    43.82850
   3.60000     3.20000    43.72622
   3.70000     3.20000    43.74321
   3.80000     3.20000    43.62309
   3.90000     3.20000    43.56658
   4.00000     3.20000    43.86387
   4.10000     3.20000    43.83668
   4.20000     3.20000    43.65700
   4.30000     3.20000    43.92341
   4.40000     3.20000    43.78868
   4.50000     3.20000    43.85525
   4.60000     3.20000    43.55402
   4.70000     3.20000    44.07675
   4.80000     3.20000    43.62585
   4.90000     3.20000    43.86383
   5.00000     3.20000    43.48332
   0.10000     3.30000    43.24006
   0.20000     3.30000    42.18655
   0.30000     3.30000    41.65576
   0.40000     3.30000    40.52290
   0.50000     3.30000    39.46606
   0.60000     3.30000    38.49583
   0.70000     3.30000    37.56673
   0.80000     3.30000    36.85878
   0.90000     3.30000    36.16976
   1.00000     3.30000    35.72891
   1.10000     3.30000    36.16947
   1.20000     3.30000    41.66594
   1.30000     3.30000    45.64365
   1.40000     3.30000    43.72860
   1.50000     3.30000    43.94713
   1.60000     3.30000    43.93656
   1.70000     3.30000    44.00595
   1.80000     3.30000    43.99872
   1.90000     3.30000    44.02175
   2.00000     3.30000    43.93144
   2.10000     3.30000    43.93287
   2.20000     3.30000    43.78122
   2.30000     3.30000    43.89872
   2.40000     3.30000    43.74878
   2.50000     3.30000    44.42898
   2.60000     3.30000    43.78979
   2.70000     3.30000    43.82731
   2.80000     3.30000    43.90337
   2.90000     3.30000    43.71828
   3.00000     3.30000    44.00840
   3.10000     3.30000    43.88574
   3.20000     3.30000    43.93871
   3.30000     3.30000    43.72024
   3.40000     3.30000    43.67815
   3.50000     3.30000    43.71383
   3.60000     3.30000    43.71807
   3.70000     3.30000    43.80628
   3.80000     3.30000    43.53880
   3.90000     3.30000    43.97045
   4.00000     3.30000    43.66362
   4.10000     3.30000    43.88018
   4.20000     3.30000    43.66930
   4.30000     3.30000    43.74845
   4.40000     3.30000    43.91003
   4.50000     3.30000    43.77297
   4.60000     3.30000    43.53022
   4.70000     3.30000    43.73316
   4.80000     3.30000    43.96099
   4.90000     3.30000    43.86304
   5.00000     3.30000    43.92161
   0.10000     3.40000    43.67900
   0.20000     3.40000    42.42677
   0.30000     3.40000    41.80602
   0.40000     3.40000    40.19644
   0.50000     3.40000    39.50769
   0.60000     3.40000    38.47603
   0.70000     3.40000    37.52989
   0.80000     3.40000    36.51504
   0.90000     3.40000    36.01282
   1.00000     3.40000    35.77450
   1.10000     3.40000    36.41231
   1.20000     3.40000    42.99115
   1.30000     3.40000    45.76932
   1.40000     3.40000    43.71061
   1.50000     3.40000    44.03095
   1.60000     3.40000    44.03245
   1.70000     3.40000    43.84182
   1.80000     3.40000    44.10319
   1.90000     3.40000    43.85462
   2.00000     3.40000    43.95647
   2.10000     3.40000    44.23202
   2.20000     3.40000    43.97027
   2.30000     3.40000    43.91123
   2.40000     3.40000    43.59490
   2.50000     3.40000    43.87708
   2.60000     3.40000    43.80889
   2.70000     3.40000    43.87910
   2.80000     3.40000    43.88778
   2.90000     3.40000    44.00868
   3.00000     3.40000    43.65422
   3.10000     3.40000    43.96044
   3.20000     3.40000    43.95924
   3.30000     3.40000    43.83917
   3.40000     3.40000    43.75162
   3.50000     3.40000    43.66979
   3.60000     3.40000    43.68345
   3.70000     3.40000    43.83165
   3.80000     3.40000    43.94724
   3.90000     3.40000    43.77838
   4.00000     3.40000    43.71717
   4.10000     3.40000    43.95086
   4.20000     3.40000    43.73882
   4.30000     3.40000    43.86000
   4.40000     3.40000    43.87229
   4.50000     3.40000    43.80559
   4.60000     3.40000    44.09165
   4.70000     3.40000    43.55972
   4.80000     3.40000    44.00715
   4.90000     3.40000    43.84564
   5.00000     3.40000    44.00112
   0.10000     3.50000    43.07371
   0.20000     3.50000    42.57634
   0.30000     3.50000    41.20735
   0.40000     3.50000    40.68946
   0.50000     3.50000    39.29628
   0.60000     3.50000    38.04246
   0.70000     3.50000    37.06697
   0.80000     3.50000    36.45277
   0.90000     3.50000    35.78604
   1.00000     3.50000    35.68409
   1.10000     3.50000    37.46698
   1.20000     3.50000    44.25226
   1.30000     3.50000    43.76005
   1.40000     3.50000    43.83456
   1.50000     3.50000    43.71750
   1.60000     3.50000    44.01846
   1.70000     3.50000    44.01355
   1.80000     3.50000    43.68783
   1.90000     3.50000    43.94139
   2.00000     3.50000    43.85276
   2.10000     3.50000    43.75115
   2.20000     3.50000    44.00348
   2.30000     3.50000    43.49626
   2.40000     3.50000    43.74465
   2.50000     3.50000    44.08322
   2.60000     3.50000    43.84920
   2.70000     3.50000    43.80776
   2.80000     3.50000    44.09714
   2.90000     3.50000    43.89406
   3.00000     3.50000    43.75187
   3.10000     3.50000    43.80245
   3.20000     3.50000    43.95329
   3.30000     3.50000    43.84388
   3.40000     3.50000    43.85209
   3.50000     3.50000    43.80736
   3.60000     3.50000    43.89180
   3.70000     3.50000    43.40047
   3.80000     3.50000    43.86482
   3.90000     3.50000    43.98903
   4.00000     3.50000    43.80429
   4.10000     3.50000    43.97264
   4.20000     3.50000    43.78528
   4.30000     3.50000    43.78091
   4.40000     3.50000    43.68871
   4.50000     3.50000    44.10781
   4.60000     3.50000    43.64300
   4.70000     3.50000    43.79371
   4.80000     3.50000    43.88608
   4.90000     3.50000    43.99571
   5.00000     3.50000    43.82588
   0.10000     3.60000    43.45323
   0.20000     3.60000    42.59254
   0.30000     3.60000    41.47491
   0.40000     3.60000    40.23154
   0.50000     3.60000    39.27943
   0.60000     3.60000    38.10440
   0.70000     3.60000    37.17478
   0.80000     3.60000    36.29141
   0.90000     3.60000    35.71783
   1.00000     3.60000    36.00122
   1.10000     3.60000    39.21560
   1.20000     3.60000    45.32810
   1.30000     3.60000    44.02605
   1.40000     3.60000    43.66945
   1.50000     3.60000    44.18161
   1.60000     3.60000    43.94665
   1.70000     3.60000    43.81988
   1.80000     3.60000    43.92307
   1.90000     3.60000    43.90068
   2.00000     3.60000    43.86938
   2.10000     3.60000    43.90785
   2.20000     3.60000    44.02774
   2.30000     3.60000    43.93576
   2.40000     3.60000    44.07304
   2.50000     3.60000    43.87947
   2.60000     3.60000    43.69669
   2.70000     3.60000    43.73341
   2.80000     3.60000    43.78828
   2.90000     3.60000    43.93487
   3.00000     3.60000    43.73893
   3.10000     3.60000    43.82078
   3.20000     3.60000    43.79277
   3.30000     3.60000    43.93729
   3.40000     3.60000    43.91471
   3.50000     3.60000    43.90769
   3.60000     3.60000    44.08924
   3.70000     3.60000    44.12443
   3.80000     3.60000    44.05231
   3.90000     3.60000    43.81955
   4.00000     3.60000    43.73039
   4.10000     3.60000    44.01641
   4.20000     3.60000    43.84012
   4.30000     3.60000    44.39711
   4.40000     3.60000    43.80812
   4.50000     3.60000    44.11176
   4.60000     3.60000    43.84408
   4.70000     3.60000    43.95744
   4.80000     3.60000    44.06565
   4.90000     3.60000    43.93206
   5.00000     3.60000    43.63118
   0.10000     3.70000    42.93775
   0.20000     3.70000    42.77512
   0.30000     3.70000    41.63819
   0.40000     3.70000    40.22945
   0.50000     3.70000    39.04329
   0.60000     3.70000    38.09170
   0.70000     3.70000    37.31815
   0.80000     3.70000    36.36871
   0.90000     3.70000    35.55938
   1.00000     3.70000    36.22948
   1.10000     3.70000    41.09786
   1.20000     3.70000    45.41851
   1.30000     3.70000    43.83061
   1.40000     3.70000    43.87510
   1.50000     3.70000    43.95955
   1.60000     3.70000    43.80069
   1.70000     3.70000    43.97661
   1.80000     3.70000    44.02719
   1.90000     3.70000    43.88682
   2.00000     3.70000    44.15104
   2.10000     3.70000    43.72411
   2.20000     3.70000    43.89140
   2.30000     3.70000    43.78534
   2.40000     3.70000    43.95500
   2.50000     3.70000    43.65083
   2.60000     3.70000    43.92751
   2.70000     3.70000    43.59580
   2.80000     3.70000    43.99553
   2.90000     3.70000    44.02101
   3.00000     3.70000    44.02475
   3.10000     3.70000    44.08528
   3.20000     3.70000    43.76890
   3.30000     3.70000    44.16911
   3.40000     3.70000    43.89252
   3.50000     3.70000    43.80494
   3.60000     3.70000    43.66649
   3.70000     3.70000    43.89479
   3.80000     3.70000    43.88985
   3.90000     3.70000    43.95150
   4.00000     3.70000    43.77499
   4.10000     3.70000    43.69897
   4.20000     3.70000    44.07169
   4.30000     3.70000    43.77089
   4.40000     3.70000    43.77003
   4.50000     3.70000    44.03373
   4.60000     3.70000    43.96582
   4.70000     3.70000    43.80831
   4.80000     3.70000    43.95539
   4.90000     3.70000    44.03157
   5.00000     3.70000    43.52589
   0.10000     3.80000    43.24391
   0.20000     3.80000    42.52962
   0.30000     3.80000    41.46760
   0.40000     3.80000    40.01828
   0.50000     3.80000    39.15450
   0.60000     3.80000    38.10394
   0.70000     3.80000    36.83426
   0.80000     3.80000    36.17680
   0.90000     3.80000    35.76457
   1.00000     3.80000    36.29096
   1.10000     3.80000    42.48217
   1.20000     3.80000    45.78393
   1.30000     3.80000    43.92572
   1.40000     3.80000    43.75006
   1.50000     3.80000    43.82301
   1.60000     3.80000    44.10080
   1.70000     3.80000    44.17054
   1.80000     3.80000    43.80810
   1.90000     3.80000    43.52496
   2.00000     3.80000    43.83576
   2.10000     3.80000    44.19222
   2.20000     3.80000    43.76808
   2.30000     3.80000    44.03802
   2.40000     3.80000    43.86747
   2.50000     3.80000    43.87217
   2.60000     3.80000    43.84669
   2.70000     3.80000    43.85916
   2.80000     3.80000    43.74403
   2.90000     3.80000    43.96581
   3.00000     3.80000    43.55607
   3.10000     3.80000    43.89794
   3.20000     3.80000    43.65648
   3.30000     3.80000    44.03513
   3.40000     3.80000    43.94933
   3.50000     3.80000    43.60473
   3.60000     3.80000    44.02831
   3.70000     3.80000    44.10946
   3.80000     3.80000    43.76407
   3.90000     3.80000    43.77648
   4.00000     3.80000    44.10824
   4.10000     3.80000    43.55278
   4.20000     3.80000    43.71013
   4.30000     3.80000    43.80096
   4.40000     3.80000    43.67360
   4.50000     3.80000    43.88833
   4.60000     3.80000    43.98340
   4.70000     3.80000    43.91893
   4.80000     3.80000    43.78995
   4.90000     3.80000    43.90957
   5.00000     3.80000    43.70631
   0.10000     3.90000    42.98802
   0.20000     3.90000    42.02155
   0.30000     3.90000    41.56255
   0.40000     3.90000    40.31025
   0.50000     3.90000    38.88740
   0.60000     3.90000    37.96889
   0.70000     3.90000    36.74496
   0.80000     3.90000    36.24717
   0.90000     3.90000    35.97549
   1.00000     3.90000    36.63319
   1.10000     3.90000    43.50831
   1.20000     3.90000    46.13946
   1.30000     3.90000    43.64952
   1.40000     3.90000    43.89092
   1.50000     3.90000    43.95466
   1.60000     3.90000    43.58606
   1.70000     3.90000    43.97516
   1.80000     3.90000    43.83020
   1.90000     3.90000    43.89593
   2.00000     3.90000    44.09537
   2.10000     3.90000    43.72332
   2.20000     3.90000    43.82026
   2.30000     3.90000    43.77618
   2.40000     3.90000    43.54264
   2.50000     3.90000    43.65065
   2.60000     3.90000    44.03283
   2.70000     3.90000    43.61121
   2.80000     3.90000    44.01861
   2.90000     3.90000    43.82439
   3.00000     3.90000    44.04950
   3.10000     3.90000    43.54129
   3.20000     3.90000    43.66952
   3.30000     3.90000    43.76374
   3.40000     3.90000    44.01981
   3.50000     3.90000    43.67775
   3.60000     3.90000    43.93753
   3.70000     3.90000    43.73906
   3.80000     3.90000    43.78812
   3.90000     3.90000    43.80750
   4.00000     3.90000    44.07535
   4.10000     3.90000    43.98737
   4.20000     3.90000    44.05162
   4.30000     3.90000    43.71966
   4.40000     3.90000    43.98554
   4.50000     3.90000    44.40575
   4.60000     3.90000    43.37024
   4.70000     3.90000    43.90341
   4.80000     3.90000    43.64380
   4.90000     3.90000    43.93977
   5.00000     3.90000    43.90497
   0.10000     4.00000    42.98444
   0.20000     4.00000    42.19964
   0.30000     4.00000    41.34423
   0.40000     4.00000    40.08827
   0.50000     4.00000    39.02861
   0.60000     4.00000    37.56635
   0.70000     4.00000    36.93174
   0.80000     4.00000    36.34979
   0.90000     4.00000    36.11873
   1.00000     4.00000    36.71001
   1.10000     4.00000    44.06228
   1.20000     4.00000    46.28251
   1.30000     4.00000    43.80542
   1.40000     4.00000    44.12597
   1.50000     4.00000    44.23248
   1.60000     4.00000    43.89012
   1.70000     4.00000    43.71452
   1.80000     4.00000    43.65813
   1.90000     4.00000    43.96182
   2.00000     4.00000    43.63219
   2.10000     4.00000    44.12799
   2.20000     4.00000    43.91670
   2.30000     4.00000    43.57159
   2.40000     4.00000    43.94871
   2.50000     4.00000    44.10275
   2.60000     4.00000    44.06217
   2.70000     4.00000    43.73156
   2.80000     4.00000    44.12572
   2.90000     4.00000    43.79308
   3.00000     4.00000    43.77420
   3.10000     4.00000    44.05413
   3.20000     4.00000    43.97469
   3.30000     4.00000    43.75115
   3.40000     4.00000    43.63186
   3.50000     4.00000    43.98122
   3.60000     4.00000    44.06806
   3.70000     4.00000    43.88877
   3.80000     4.00000    43.98915
   3.90000     4.00000    43.73758
   4.00000     4.00000    43.70946
   4.10000     4.00000    44.10455
   4.20000     4.00000    43.69996
   4.30000     4.00000    43.62020
   4.40000     4.00000    43.77961
   4.50000     4.00000    44.26330
   4.60000     4.00000    43.88883
   4.70000     4.00000    43.68490
   4.80000     4.00000    43.84973
   4.90000     4.00000    43.61738
   5.00000     4.00000    43.76661
   0.10000     4.10000    42.94002
   0.20000     4.10000    42.09679
   0.30000     4.10000    41.19979
   0.40000     4.10000    40.05269
   0.50000     4.10000    38.55917
   0.60000     4.10000    37.53716
   0.70000     4.10000    36.71296
   0.80000     4.10000    36.07913
   0.90000     4.10000    35.90673
   1.00000     4.10000    38.41222
   1.10000     4.10000    44.99987
   1.20000     4.10000    46.13286
   1.30000     4.10000    43.96580
   1.40000     4.10000    43.98821
   1.50000     4.10000    43.84652
   1.60000     4.10000    43.74357
   1.70000     4.10000    43.53215
   1.80000     4.10000    44.02241
   1.90000     4.10000    43.82436
   2.00000     4.10000    43.59229
   2.10000     4.10000    43.91272
   2.20000     4.10000    43.56017
   2.30000     4.10000    43.68494
   2.40000     4.10000    44.08043
   2.50000     4.10000    43.80262
   2.60000     4.10000    43.91568
   2.70000     4.10000    43.78334
   2.80000     4.10000    43.87949
   2.90000     4.10000    43.63119
   3.00000     4.10000    43.84528
   3.10000     4.10000    43.86326
   3.20000     4.10000    44.02302
   3.30000     4.10000    44.03046
   3.40000     4.10000    44.04568
   3.50000     4.10000    43.81069
   3.60000     4.10000    43.96084
   3.70000     4.10000    44.09660
   3.80000     4.10000    43.82749
   3.90000     4.10000    43.77676
   4.00000     4.10000    44.07031
   4.10000     4.10000    43.91541
   4.20000     4.10000    44.01454
   4.30000     4.10000    43.88944
   4.40000     4.10000    43.69667
   4.50000     4.10000    44.02364
   4.60000     4.10000    43.68350
   4.70000     4.10000    44.04479
   4.80000     4.10000    43.72201
   4.90000     4.10000    43.89964
   5.00000     4.10000    43.74866
   0.10000     4.20000    43.13487
   0.20000     4.20000    42.40662
   0.30000     4.20000    40.96236
   0.40000     4.20000    40.04686
   0.50000     4.20000    38.71912
   0.60000     4.20000    37.61133
   0.70000     4.20000    36.56345
   0.80000     4.20000    36.14927
   0.90000     4.20000    35.96299
   1.00000     4.20000    39.60077
   1.10000     4.20000    45.69378
   1.20000     4.20000    45.82586
   1.30000     4.20000    43.71116
   1.40000     4.20000    43.95891
   1.50000     4.20000    43.75587
   1.60000     4.20000    43.73956
   1.70000     4.20000    43.77915
   1.80000     4.20000    43.47914
   1.90000     4.20000    43.90410
   2.00000     4.20000    44.01975
   2.10000     4.20000    44.17954
   2.20000     4.20000    43.92199
   2.30000     4.20000    43.87218
   2.40000     4.20000    43.69206
   2.50000     4.20000    43.69729
   2.60000     4.20000    43.83052
   2.70000     4.20000    43.69182
   2.80000     4.20000    43.76387
   2.90000     4.20000    43.99480
   3.00000     4.20000    43.89979
   3.10000     4.20000    43.71501
   3.20000     4.20000    44.05167
   3.30000     4.20000    44.09205
   3.40000     4.20000    43.78357
   3.50000     4.20000    43.58630
   3.60000     4.20000    44.08267
   3.70000     4.20000    43.63009
   3.80000     4.20000    44.06843
   3.90000     4.20000    43.80458
   4.00000     4.20000    43.93975
   4.10000     4.20000    43.81317
   4.20000     4.20000    43.69276
   4.30000     4.20000    43.75562
   4.40000     4.20000    43.93978
   4.50000     4.20000    43.59570
   4.60000     4.20000    44.21119
   4.70000     4.20000    43.96635
   4.80000     4.20000    43.66243
   4.90000     4.20000    43.82577
   5.00000     4.20000    44.01020
   0.10000     4.30000    42.89295
   0.20000     4.30000    42.13462
   0.30000     4.30000    41.03169
   0.40000     4.30000    39.86033
   0.50000     4.30000    38.31127
   0.60000     4.30000    37.41577
   0.70000     4.30000    36.41833
   0.80000     4.30000    35.88975
   0.90000     4.30000    36.20561
   1.00000     4.30000    41.14606
   1.10000     4.30000    45.52717
   1.20000     4.30000    44.05241
   1.30000     4.30000    43.77973
   1.40000     4.30000    43.66967
   1.50000     4.30000    43.74746
   1.60000     4.30000    44.00231
   1.70000     4.30000    43.92129
   1.80000     4.30000    43.71692
   1.90000     4.30000    43.97474
   2.00000     4.30000    44.01148
   2.10000     4.30000    43.79830
   2.20000     4.30000    43.65824
   2.30000     4.30000    44.02915
   2.40000     4.30000    44.05610
   2.50000     4.30000    43.82495
   2.60000     4.30000    43.72643
   2.70000     4.30000    43.90952
   2.80000     4.30000    43.91264
   2.90000     4.30000    43.95745
   3.00000     4.30000    44.08866
   3.10000     4.30000    43.70875
   3.20000     4.30000    43.73053
   3.30000     4.30000    43.67326
   3.40000     4.30000    43.83495
   3.50000     4.30000    44.04790
   3.60000     4.30000    43.69447
   3.70000     4.30000    43.71497
   3.80000     4.30000    43.74949
   3.90000     4.30000    44.13233
   4.00000     4.30000    43.97204
   4.10000     4.30000    43.73488
   4.20000     4.30000    43.85507
   4.30000     4.30000    43.68967
   4.40000     4.30000    43.79377
   4.50000     4.30000    43.71066
   4.60000     4.30000    44.15544
   4.70000     4.30000    43.81671
   4.80000     4.30000    43.95127
   4.90000     4.30000    43.87910
   5.00000     4.30000    43.62824
   0.10000     4.40000    43.11721
   0.20000     4.40000    42.16288
   0.30000     4.40000    41.22479
   0.40000     4.40000    39.71762
   0.50000     4.40000    38.52683
   0.60000     4.40000    37.44967
   0.70000     4.40000    36.46411
   0.80000     4.40000    35.94986
   0.90000     4.40000    36.35883
   1.00000     4.40000    42.48589
   1.10000     4.40000    45.85530
   1.20000     4.40000    43.97421
   1.30000     4.40000    43.88184
   1.40000     4.40000    44.08655
   1.50000     4.40000    43.92435
   1.60000     4.40000    44.12094
   1.70000     4.40000    43.79833
   1.80000     4.40000    44.05301
   1.90000     4.40000    43.76077
   2.00000     4.40000    43.75567
   2.10000     4.40000    43.72503
   2.20000     4.40000    43.79019
   2.30000     4.40000    43.81371
   2.40000     4.40000    44.05097
   2.50000     4.40000    43.76134
   2.60000     4.40000    43.83380
   2.70000     4.40000    43.67504
   2.80000     4.40000    43.69634
   2.90000     4.40000    43.84387
   3.00000     4.40000    43.82988
   3.10000     4.40000    43.79722
   3.20000     4.40000    44.12480
   3.30000     4.40000    43.59798
   3.40000     4.40000    44.05048
   3.50000     4.40000    43.92162
   3.60000     4.40000    43.72698
   3.70000     4.40000    43.97199
   3.80000     4.40000    43.99695
   3.90000     4.40000    43.80290
   4.00000     4.40000    43.93547
   4.10000     4.40000    43.87865
   4.20000     4.40000    44.16651
   4.30000     4.40000    43.83172
   4.40000     4.40000    43.67355
   4.50000     4.40000    43.54169
   4.60000     4.40000    44.02767
   4.70000     4.40000    44.32058
   4.80000     4.40000    44.01994
   4.90000     4.40000    43.97996
   5.00000     4.40000    43.93265
   0.10000     4.50000    42.82065
   0.20000     4.50000    41.99306
   0.30000     4.50000    40.88283
   0.40000     4.50000    39.54850
   0.50000     4.50000    38.35856
   0.60000     4.50000    37.22754
   0.70000     4.50000    36.47225
   0.80000     4.50000    35.98630
   0.90000     4.50000    36.58100
   1.00000     4.50000    43.25768
   1.10000     4.50000    46.20701
   1.20000     4.50000    43.60293
   1.30000     4.50000    43.87342
   1.40000     4.50000    43.64988
   1.50000     4.50000    43.77779
   1.60000     4.50000    44.08617
   1.70000     4.50000    43.89540
   1.80000     4.50000    43.55570
   1.90000     4.50000    43.62981
   2.00000     4.50000    44.11139
   2.10000     4.50000    43.95439
   2.20000     4.50000    43.61551
   2.30000     4.50000    43.63340
   2.40000     4.50000    43.82827
   2.50000     4.50000    44.09736
   2.60000     4.50000    43.81523
   2.70000     4.50000    43.96587
   2.80000     4.50000    44.05733
   2.90000     4.50000    43.50344
   3.00000     4.50000    43.95301
   3.10000     4.50000    43.85785
   3.20000     4.50000    43.51941
   3.30000     4.50000    43.95381
   3.40000     4.50000    43.64384
   3.50000     4.50000    43.75323
   3.60000     4.50000    43.72663
   3.70000     4.50000    43.63432
   3.80000     4.50000    43.93996
   3.90000     4.50000    43.90398
   4.00000     4.50000    43.93601
   4.10000     4.50000    44.29147
   4.20000     4.50000    43.95452
   4.30000     4.50000    43.74361
   4.40000     4.50000    43.80913
   4.50000     4.50000    43.63766
   4.60000     4.50000    43.71346
   4.70000     4.50000    43.97751
   4.80000     4.50000    44.10219
   4.90000     4.50000    43.95729
   5.00000     4.50000    43.85454
   0.10000     4.60000    42.92897
   0.20000     4.60000    42.25404
   0.30000     4.60000    40.86559
   0.40000     4.60000    39.78392
   0.50000     4.60000    38.26481
   0.60000     4.60000    37.08146
   0.70000     4.60000    36.30696
   0.80000     4.60000    35.98872
   0.90000     4.60000    36.45881
   1.00000     4.60000    44.50613
   1.10000     4.60000    46.28814
   1.20000     4.60000    43.67192
   1.30000     4.60000    43.67644
   1.40000     4.60000    43.88894
   1.50000     4.60000    44.03550
   1.60000     4.60000    43.64372
   1.70000     4.60000    43.68263
   1.80000     4.60000    43.76122
   1.90000     4.60000    43.79487
   2.00000     4.60000    43.55483
   2.10000     4.60000    43.87541
   2.20000     4.60000    43.54363
   2.30000     4.60000    43.81334
   2.40000     4.60000    43.65724
   2.50000     4.60000    43.90165
   2.60000     4.60000    44.35242
   2.70000     4.60000    44.12804
   2.80000     4.60000    43.85507
   2.90000     4.60000    44.01470
   3.00000     4.60000    43.58902
   3.10000     4.60000    44.05438
   3.20000     4.60000    43.75871
   3.30000     4.60000    43.98256
   3.40000     4.60000    43.74668
   3.50000     4.60000    43.99437
   3.60000     4.60000    43.97358
   3.70000     4.60000    44.11261
   3.80000     4.60000    44.27956
   3.90000     4.60000    43.98105
   4.00000     4.60000    43.88567
   4.10000     4.60000    43.87369
   4.20000     4.60000    44.04304
   4.30000     4.60000    43.64164
   4.40000     4.60000    43.97037
   4.50000     4.60000    43.86568
   4.60000     4.60000    44.06461
   4.70000     4.60000    43.72706
   4.80000     4.60000    43.89807
   4.90000     4.60000    43.65686
   5.00000     4.60000    43.81516
   0.10000     4.70000    43.08014
   0.20000     4.70000    42.15314
   0.30000     4.70000    41.16436
   0.40000     4.70000    39.74303
   0.50000     4.70000    38.12398
   0.60000     4.70000    36.95414
   0.70000     4.70000    36.15533
   0.80000     4.70000    35.84729
   0.90000     4.70000    36.99083
   1.00000     4.70000    45.13427
   1.10000     4.70000    46.25831
   1.20000     4.70000    43.92445
   1.30000     4.70000    43.87965
   1.40000     4.70000    43.73245
   1.50000     4.70000    43.89849
   1.60000     4.70000    43.66929
   1.70000     4.70000    43.80394
   1.80000     4.70000    43.93961
   1.90000     4.70000    43.60464
   2.00000     4.70000    43.90821
   2.10000     4.70000    43.85419
   2.20000     4.70000    43.81641
   2.30000     4.70000    44.11718
   2.40000     4.70000    43.65807
   2.50000     4.70000    43.61379
   2.60000     4.70000    43.72111
   2.70000     4.70000    43.86329
   2.80000     4.70000    43.81360
   2.90000     4.70000    43.63773
   3.00000     4.70000    44.06333
   3.10000     4.70000    44.12696
   3.20000     4.70000    43.61713
   3.30000     4.70000    43.70719
   3.40000     4.70000    43.57830
   3.50000     4.70000    43.96169
   3.60000     4.70000    43.86144
   3.70000     4.70000    43.73034
   3.80000     4.70000    43.72517
   3.90000     4.70000    43.65766
   4.00000     4.70000    44.14207
   4.10000     4.70000    43.83475
   4.20000     4.70000    44.02079
   4.30000     4.70000    43.94193
   4.40000     4.70000    44.04855
   4.50000     4.70000    43.78768
   4.60000     4.70000    43.83001
   4.70000     4.70000    43.50171
   4.80000     4.70000    43.90116
   4.90000     4.70000    43.97981
   5.00000     4.70000    43.92868
   0.10000     4.80000    42.97377
   0.20000     4.80000    42.04323
   0.30000     4.80000    40.70143
   0.40000     4.80000    39.88090
   0.50000     4.80000    38.31018
   0.60000     4.80000    37.13247
   0.70000     4.80000    36.26544
   0.80000     4.80000    36.01060
   0.90000     4.80000    38.65785
   1.00000     4.80000    45.12602
   1.10000     4.80000    46.65464
   1.20000     4.80000    43.84965
   1.30000     4.80000    43.66845
   1.40000     4.80000    44.14148
   1.50000     4.80000    43.96103
   1.60000     4.80000    43.96295
   1.70000     4.80000    43.78040
   1.80000     4.80000    43.78831
   1.90000     4.80000    43.91521
   2.00000     4.80000    43.74957
   2.10000     4.80000    43.69508
   2.20000     4.80000    44.00121
   2.30000     4.80000    44.11378
   2.40000     4.80000    44.02060
   2.50000     4.80000    43.80088
   2.60000     4.80000    44.05805
   2.70000     4.80000    43.69243
   2.80000     4.80000    43.91317
   2.90000     4.80000    44.32590
   3.00000     4.80000    43.94849
   3.10000     4.80000    43.91596
   3.20000     4.80000    44.14237
   3.30000     4.80000    43.83213
   3.40000     4.80000    43.71251
   3.50000     4.80000    44.23128
   3.60000     4.80000    44.02823
   3.70000     4.80000    43.92808
   3.80000     4.80000    43.74647
   3.90000     4.80000    43.90002
   4.00000     4.80000    43.62146
   4.10000     4.80000    43.89481
   4.20000     4.80000    43.80602
   4.30000     4.80000    43.89974
   4.40000     4.80000    44.17836
   4.50000     4.80000    43.84944
   4.60000     4.80000    43.66078
   4.70000     4.80000    43.77035
   4.80000     4.80000    43.91388
   4.90000     4.80000    43.99367
   5.00000     4.80000    43.69677
   0.10000     4.90000    42.90797
   0.20000     4.90000    41.75624
   0.30000     4.90000    40.76372
   0.40000     4.90000    39.16766
   0.50000     4.90000    38.23350
   0.60000     4.90000    36.96538
   0.70000     4.90000    35.97228
   0.80000     4.90000    36.16253
   0.90000     4.90000    39.86914
   1.00000     4.90000    45.71400
   1.10000     4.90000    46.55336
   1.20000     4.90000    43.98615
   1.30000     4.90000    43.72372
   1.40000     4.90000    43.74841
   1.50000     4.90000    44.12266
   1.60000     4.90000    43.72623
   1.70000     4.90000    44.12481
   1.80000     4.90000    44.01899
   1.90000     4.90000    43.91995
   2.00000     4.90000    43.40950
   2.10000     4.90000    43.85358
   2.20000     4.90000    43.93574
   2.30000     4.90000    43.97834
   2.40000     4.90000    43.77061
   2.50000     4.90000    44.01830
   2.60000     4.90000    43.38562
   2.70000     4.90000    43.89178
   2.80000     4.90000    43.62063
   2.90000     4.90000    44.06635
   3.00000     4.90000    43.76463
   3.10000     4.90000    43.98119
   3.20000     4.90000    43.89257
   3.30000     4.90000    43.84249
   3.40000     4.90000    43.66413
   3.50000     4.90000    43.79108
   3.60000     4.90000    43.72276
   3.70000     4.90000    43.96633
   3.80000     4.90000    43.68265
   3.90000     4.90000    43.86806
   4.00000     4.90000    43.80535
   4.10000     4.90000    43.85638
   4.20000     4.90000    44.10338
   4.30000     4.90000    43.82108
   4.40000     4.90000    43.78083
   4.50000     4.90000    43.91481
   4.60000     4.90000    43.53278
   4.70000     4.90000    44.16348
   4.80000     4.90000    43.73638
   4.90000     4.90000    44.03959
   5.00000     4.90000    44.10968
   0.10000     5.00000    43.12999
   0.20000     5.00000    42.09985
   0.30000     5.00000    40.39620
   0.40000     5.00000    39.13937
   0.50000     5.00000    38.01354
   0.60000     5.00000    36.89307
   0.70000     5.00000    36.22321
   0.80000     5.00000    35.98736
   0.90000     5.00000    41.27139
   1.00000     5.00000    45.80811
   1.10000     5.00000    46.32368
   1.20000     5.00000    43.78684
   1.30000     5.00000    43.78623
   1.40000     5.00000    43.81579
   1.50000     5.00000    44.07514
   1.60000     5.00000    43.72660
   1.70000     5.00000    43.82569
   1.80000     5.00000    44.05660
   1.90000     5.00000    43.98161
   2.00000     5.00000    44.13175
   2.10000     5.00000    43.96110
   2.20000     5.00000    44.31241
   2.30000     5.00000    43.77097
   2.40000     5.00000    44.10165
   2.50000     5.00000    43.95148
   2.60000     5.00000    43.61010
   2.70000     5.00000    43.55926
   2.80000     5.00000    43.84562
   2.90000     5.00000    43.83906
   3.00000     5.00000    43.66287
   3.10000     5.00000    43.98829
   3.20000     5.00000    43.70972
   3.30000     5.00000    44.12576
   3.40000     5.00000    43.94284
   3.50000     5.00000    44.02636
   3.60000     5.00000    43.50955
   3.70000     5.00000    44.05777
   3.80000     5.00000    43.90828
   3.90000     5.00000    43.77302
   4.00000     5.00000    43.79640
   4.10000     5.00000    43.89005
   4.20000     5.00000    44.00617
   4.30000     5.00000    43.74479
   4.40000     5.00000    43.90006
   4.50000     5.00000    44.08938
   4.60000     5.00000    43.79485
   4.70000     5.00000    43.86156
   4.80000     5.00000    44.07862
   4.90000     5.00000    43.72320
   5.00000     5.00000    44.01748
